立方体边长：40 链数：64 链长：100 刚度：0 记录数：10001 采样率：10
465.50
464.19
485.41
481.66
490.59
496.50
506.05
509.89
524.64
527.83
529.00
521.44
530.73
540.94
533.31
544.17
543.33
548.38
542.89
539.94
550.97
549.80
557.30
574.67
582.53
565.52
571.41
580.89
584.92
587.34
590.20
585.94
585.28
581.16
588.20
587.72
595.91
603.05
594.22
592.98
602.19
594.16
599.94
599.89
610.25
606.41
608.33
598.41
598.94
611.66
608.44
612.97
615.30
620.59
619.03
619.25
617.00
620.48
630.61
640.44
625.55
637.73
653.47
650.73
645.89
642.98
637.80
643.73
643.34
643.36
641.25
643.98
648.19
647.23
647.91
647.00
639.53
640.70
653.92
664.45
662.25
662.13
664.03
662.19
656.44
662.53
678.41
670.63
681.23
681.22
681.59
682.58
685.25
701.06
693.94
697.55
696.58
708.30
715.73
717.39
716.77
722.30
724.69
718.86
733.72
735.52
735.58
735.00
736.00
734.02
754.95
744.36
744.58
742.80
755.72
753.73
761.44
762.06
751.66
759.13
762.16
750.53
771.52
772.58
762.70
759.89
757.67
764.16
760.97
763.19
755.80
755.81
759.30
763.25
766.33
760.91
760.02
763.00
754.98
757.17
750.92
753.73
744.38
749.13
755.56
746.45
750.58
753.77
748.47
750.66
751.48
751.77
759.45
759.00
759.80
759.78
763.86
753.98
761.25
762.86
763.63
770.20
756.44
767.31
766.47
771.31
772.23
768.17
784.88
779.58
773.94
778.17
779.09
791.33
781.70
776.25
779.14
790.19
787.22
778.98
790.28
785.41
788.69
791.17
793.61
788.78
790.95
799.88
790.08
799.52
791.75
794.14
789.39
786.16
791.72
773.91
784.05
803.06
799.77
792.11
787.25
793.52
793.94
799.16
808.70
793.33
798.38
816.22
807.08
801.02
797.52
799.70
805.09
809.75
804.06
798.34
795.02
795.23
799.47
796.41
790.38
787.81
792.81
793.69
799.66
806.11
799.92
795.09
802.91
802.88
802.53
805.77
798.05
800.72
813.83
812.11
799.64
797.94
805.95
807.30
803.45
804.53
810.81
815.80
800.78
799.86
811.33
803.13
801.86
808.55
810.69
810.81
817.66
813.98
826.00
828.05
824.30
831.19
829.69
831.88
822.83
833.75
826.14
824.39
829.50
837.31
838.13
850.69
845.66
845.11
852.83
838.34
838.86
829.70
846.20
844.63
848.45
840.78
846.09
847.59
850.88
865.81
868.88
864.23
855.38
859.58
854.11
848.30
837.61
843.02
850.53
848.89
864.06
860.63
855.33
844.63
844.64
854.09
859.72
864.52
863.48
869.30
864.72
854.72
871.94
865.22
868.47
876.64
866.41
872.19
868.19
874.05
869.70
872.64
868.23
875.88
876.55
880.69
880.30
876.16
878.80
888.52
894.73
883.97
894.77
887.52
899.98
883.14
891.19
902.34
890.53
883.38
897.95
897.09
898.06
893.75
886.69
909.95
901.44
908.05
904.34
894.89
894.50
901.20
894.97
895.08
900.08
900.77
909.27
910.03
915.42
924.47
919.69
925.80
925.11
925.00
923.13
914.97
911.30
918.47
914.48
926.19
922.22
910.05
920.33
913.66
917.55
915.42
903.80
912.41
918.25
907.92
915.69
915.20
921.63
924.89
925.27
921.63
923.61
926.25
922.94
931.80
934.94
932.47
936.19
940.27
934.19
934.42
934.69
939.23
944.16
938.28
941.97
927.77
932.09
931.38
926.28
922.39
920.50
929.13
932.78
933.59
938.84
927.06
932.22
941.09
937.09
940.05
929.02
932.27
926.16
933.17
939.50
935.67
937.61
927.08
941.06
928.92
932.66
939.92
942.98
950.52
950.36
945.27
951.39
953.00
948.22
962.06
961.03
968.28
961.03
962.41
966.27
968.84
955.25
958.58
955.97
951.34
953.16
965.88
961.16
964.58
968.73
965.42
965.13
962.48
958.19
958.72
974.91
965.92
963.19
961.50
959.14
971.13
960.61
963.05
966.09
966.30
963.09
968.47
965.98
974.22
988.31
982.70
972.16
978.72
980.89
965.19
967.25
971.61
965.17
962.19
966.55
976.13
977.55
970.72
966.34
978.42
966.08
962.42
954.48
955.92
961.64
962.59
961.00
960.30
967.52
961.38
975.11
967.00
960.23
960.77
964.59
975.66
967.30
962.52
977.47
976.38
966.38
972.53
971.56
975.11
972.88
972.11
982.05
972.94
973.22
976.95
973.94
977.00
972.25
964.69
983.09
978.50
970.55
991.56
996.06
973.22
992.44
985.53
992.44
989.63
997.25
994.53
995.69
983.52
987.66
982.36
979.16
995.81
980.98
972.91
984.41
983.58
986.20
984.28
986.41
999.44
1009.66
1003.06
1007.36
1020.19
1012.89
1002.55
1007.77
1004.63
1008.39
1010.45
1006.02
1016.89
1009.55
1011.20
1002.77
1011.86
1001.11
1002.41
1003.25
1014.53
1022.61
1007.19
1005.69
1024.11
1001.69
1004.47
1014.80
997.67
1002.67
1005.58
1016.92
1020.06
1024.78
1025.47
1024.69
1017.19
1021.63
1037.50
1024.27
1014.20
1019.08
1011.70
1019.52
1032.28
1024.45
1030.53
1042.67
1035.11
1030.61
1039.11
1045.98
1038.64
1047.38
1047.16
1056.16
1060.69
1046.56
1042.78
1046.00
1050.28
1044.55
1044.63
1037.03
1041.92
1037.66
1026.80
1030.70
1044.56
1037.23
1057.16
1044.30
1033.53
1044.67
1039.28
1040.42
1034.16
1044.75
1047.34
1045.19
1041.61
1045.89
1058.61
1058.61
1050.41
1056.06
1060.09
1073.97
1069.20
1070.47
1074.39
1082.69
1072.17
1089.44
1078.94
1072.97
1088.95
1099.72
1095.52
1076.73
1078.66
1073.14
1086.56
1082.44
1080.91
1086.47
1097.31
1082.41
1076.22
1084.17
1085.91
1104.52
1095.00
1099.06
1105.19
1108.67
1096.00
1098.75
1101.69
1115.78
1106.81
1112.42
1107.73
1095.34
1118.84
1131.19
1115.95
1127.08
1118.52
1113.38
1119.84
1116.77
1120.44
1126.23
1116.06
1126.17
1119.45
1134.80
1122.39
1129.72
1137.56
1132.36
1123.89
1116.91
1123.19
1117.45
1114.19
1118.36
1109.11
1117.84
1118.31
1140.98
1133.55
1133.50
1138.67
1139.45
1132.64
1134.02
1143.64
1142.88
1137.64
1137.33
1153.41
1156.92
1146.19
1150.52
1152.64
1145.33
1146.59
1139.50
1151.73
1140.75
1148.36
1137.69
1134.86
1149.66
1141.61
1143.88
1149.42
1144.80
1143.91
1139.59
1145.41
1143.02
1143.75
1154.17
1148.34
1154.50
1151.67
1128.86
1149.72
1135.56
1150.20
1155.72
1163.28
1178.73
1180.98
1171.55
1176.86
1168.08
1163.69
1169.41
1168.16
1160.34
1176.73
1173.17
1175.22
1177.11
1174.27
1180.64
1189.89
1211.00
1203.48
1198.31
1187.86
1182.92
1196.63
1183.73
1181.94
1190.19
1186.33
1199.95
1183.81
1198.45
1199.94
1205.41
1208.81
1216.38
1216.38
1215.44
1220.13
1221.50
1215.84
1216.88
1214.20
1237.03
1239.69
1231.94
1244.47
1242.78
1234.84
1246.58
1259.20
1253.36
1244.95
1242.02
1240.36
1233.56
1234.31
1240.50
1237.14
1243.92
1230.45
1238.05
1237.08
1234.45
1236.39
1229.47
1250.75
1239.45
1232.84
1232.98
1234.34
1234.50
1230.97
1235.86
1248.59
1260.78
1264.81
1255.41
1243.73
1238.63
1237.20
1240.58
1230.64
1228.42
1231.66
1241.44
1233.53
1243.02
1241.06
1247.92
1246.30
1241.67
1265.13
1270.25
1262.36
1256.98
1247.33
1260.44
1269.42
1282.06
1289.94
1276.48
1281.20
1272.00
1270.34
1268.94
1280.25
1271.72
1280.16
1283.27
1292.83
1283.05
1296.52
1293.09
1280.36
1295.84
1284.25
1291.03
1290.25
1299.27
1295.38
1296.08
1297.55
1288.94
1301.58
1300.61
1300.63
1297.58
1301.39
1310.78
1306.84
1322.63
1318.45
1320.69
1328.38
1328.11
1325.19
1316.47
1301.69
1312.09
1310.17
1316.47
1325.05
1329.89
1333.42
1356.20
1347.69
1344.61
1349.61
1339.67
1355.25
1331.67
1353.31
1355.55
1345.67
1364.73
1364.70
1356.22
1353.66
1350.59
1366.94
1351.36
1378.41
1358.52
1373.69
1350.53
1338.63
1352.77
1345.66
1335.13
1344.50
1344.03
1341.95
1336.95
1337.23
1340.52
1334.44
1344.73
1350.02
1356.41
1350.03
1352.48
1353.98
1348.94
1362.48
1354.73
1352.64
1346.23
1350.48
1348.52
1357.73
1360.94
1372.08
1351.30
1362.02
1362.09
1360.83
1366.89
1351.30
1368.33
1366.42
1381.58
1373.88
1378.16
1368.30
1373.50
1372.94
1376.88
1369.52
1378.05
1377.97
1374.42
1379.47
1371.05
1392.34
1389.41
1386.70
1390.11
1383.89
1393.89
1393.50
1398.38
1397.45
1386.78
1398.77
1397.20
1403.59
1391.95
1392.92
1396.31
1396.52
1400.84
1401.02
1393.38
1396.55
1394.30
1395.77
1397.36
1401.53
1408.11
1408.03
1416.89
1414.89
1416.28
1422.05
1418.30
1421.48
1419.02
1437.16
1429.67
1437.33
1429.56
1435.19
1446.22
1445.53
1438.16
1446.03
1457.55
1454.63
1464.59
1455.83
1462.84
1476.92
1492.63
1461.72
1462.69
1472.00
1470.98
1472.61
1472.86
1480.05
1474.44
1475.36
1459.95
1467.69
1469.19
1475.97
1463.45
1468.34
1465.27
1474.22
1465.41
1478.02
1485.03
1501.72
1492.28
1486.23
1480.75
1486.03
1497.95
1495.23
1497.95
1477.25
1481.61
1493.59
1481.09
1489.91
1496.81
1482.25
1497.98
1506.36
1517.13
1500.58
1499.00
1498.45
1490.95
1472.86
1490.42
1495.28
1496.88
1492.59
1514.55
1497.80
1490.16
1478.30
1490.31
1499.98
1505.56
1506.70
1514.23
1520.94
1527.03
1528.13
1524.59
1498.09
1501.52
1494.47
1481.75
1511.23
1493.75
1504.92
1510.08
1518.38
1519.72
1516.66
1505.95
1538.86
1534.53
1530.38
1557.77
1566.77
1566.59
1556.81
1550.48
1558.61
1557.47
1568.69
1565.89
1573.48
1549.50
1563.92
1577.53
1575.70
1565.86
1559.52
1560.81
1569.23
1567.56
1577.13
1580.09
1577.98
1566.14
1570.34
1562.11
1572.30
1578.72
1575.64
1592.63
1576.17
1578.16
1580.69
1573.33
1582.92
1594.41
1608.27
1594.20
1593.27
1599.63
1599.13
1614.66
1610.81
1613.17
1617.70
1613.33
1607.61
1616.39
1603.20
1608.53
1615.22
1609.92
1595.47
1593.70
1612.77
1594.95
1603.94
1608.92
1595.61
1599.67
1601.02
1572.88
1575.69
1587.02
1592.47
1592.22
1588.55
1607.91
1592.45
1593.44
1592.56
1602.91
1594.58
1610.52
1607.38
1599.94
1617.73
1609.53
1595.75
1595.66
1600.14
1603.66
1594.61
1594.31
1600.77
1588.64
1590.14
1595.80
1597.70
1607.84
1590.17
1596.39
1597.66
1598.23
1609.45
1602.16
1610.63
1612.67
1618.67
1608.39
1606.30
1616.17
1593.16
1604.86
1595.41
1601.78
1606.27
1612.83
1614.06
1610.16
1624.97
1608.11
1601.16
1608.72
1617.69
1599.36
1608.28
1624.50
1629.47
1609.88
1616.39
1624.83
1608.00
1602.78
1610.25
1617.27
1621.31
1623.09
1627.16
1628.09
1631.47
1625.66
1634.33
1635.72
1625.44
1649.25
1631.92
1641.25
1630.86
1646.11
1636.64
1636.47
1639.80
1645.56
1644.72
1638.70
1648.19
1661.17
1665.56
1653.36
1656.08
1665.89
1655.61
1655.70
1666.89
1689.14
1667.13
1678.28
1682.61
1672.33
1678.20
1668.39
1689.39
1675.31
1672.56
1682.95
1683.59
1683.66
1672.08
1681.20
1687.44
1695.55
1694.33
1695.17
1690.86
1695.23
1702.38
1707.45
1705.47
1702.22
1698.88
1683.72
1691.28
1717.42
1713.06
1727.77
1720.23
1721.94
1735.64
1723.08
1721.86
1731.59
1713.31
1719.97
1729.34
1733.53
1722.34
1724.44
1723.58
1725.27
1736.48
1720.14
1735.95
1741.95
1736.06
1739.59
1766.75
1768.16
1760.11
1779.41
1777.86
1774.30
1764.38
1767.86
1757.80
1775.20
1779.25
1783.20
1768.36
1780.44
1793.20
1785.75
1789.80
1797.09
1793.47
1782.61
1798.06
1800.05
1796.52
1791.02
1795.98
1792.13
1795.73
1796.50
1786.61
1770.39
1776.38
1783.67
1771.41
1779.02
1783.47
1788.92
1787.20
1800.55
1801.06
1784.63
1792.58
1801.34
1815.02
1795.22
1800.86
1813.36
1828.58
1804.41
1815.44
1810.23
1781.25
1788.19
1802.75
1801.39
1799.75
1792.44
1790.63
1779.23
1803.31
1802.42
1800.41
1817.42
1823.66
1835.56
1827.91
1818.56
1831.64
1837.20
1831.47
1834.83
1837.09
1840.56
1857.19
1854.23
1853.42
1853.84
1860.08
1849.84
1850.50
1858.73
1841.50
1844.13
1845.14
1831.75
1846.78
1848.22
1858.06
1848.20
1862.58
1839.88
1841.52
1852.84
1841.42
1838.55
1836.73
1845.66
1843.39
1852.67
1845.19
1846.56
1864.16
1867.91
1872.02
1863.02
1863.81
1852.33
1845.95
1863.41
1858.11
1835.31
1858.28
1865.06
1850.38
1841.33
1860.33
1864.48
1870.39
1869.80
1870.86
1885.80
1884.25
1881.94
1887.44
1863.92
1881.05
1888.94
1897.69
1906.36
1893.31
1886.09
1878.86
1901.30
1887.17
1911.61
1916.23
1903.44
1895.64
1900.75
1912.63
1904.00
1895.55
1888.20
1893.83
1888.38
1876.48
1885.25
1872.19
1878.13
1909.25
1899.52
1909.45
1892.55
1904.66
1907.09
1919.48
1924.09
1915.52
1923.39
1922.98
1914.02
1906.81
1897.72
1900.31
1908.72
1899.41
1905.33
1910.44
1926.27
1920.25
1924.11
1918.45
1925.53
1921.98
1923.59
1921.92
1919.25
1918.39
1921.45
1895.86
1917.94
1946.08
1930.83
1929.34
1939.45
1939.59
1947.00
1936.72
1944.84
1942.38
1948.11
1947.03
1966.34
1923.88
1947.39
1941.28
1965.33
1966.58
1951.47
1943.11
1959.59
1947.63
1955.88
1970.09
1970.16
1973.78
1955.80
1957.13
1959.31
1944.53
1960.91
1978.78
1980.81
1976.47
1988.95
1988.69
1980.48
1979.55
1993.39
1982.02
1970.59
1962.89
1988.94
1979.34
1979.53
1979.28
1979.03
1963.59
1979.89
1977.89
1991.66
1994.25
1995.95
2003.22
2008.95
1984.86
1982.25
1983.17
1994.83
1984.89
1991.05
1978.86
1976.83
1983.33
2000.75
2001.67
2013.97
2024.36
2005.77
2004.86
2012.77
2019.67
2004.88
2036.05
2040.98
2035.05
2032.20
2030.20
2046.72
2052.78
2031.06
2029.77
2038.92
2042.48
2039.25
2043.22
2049.94
2055.27
2040.91
2058.78
2041.14
2036.55
2066.72
2089.77
2091.61
2098.59
2083.38
2074.17
2072.20
2076.34
2075.17
2047.89
2058.59
2062.75
2074.44
2071.64
2068.80
2084.30
2081.94
2070.67
2063.30
2081.98
2074.23
2066.55
2057.92
2071.61
2077.20
2081.13
2079.80
2069.58
2068.20
2066.55
2059.61
2084.33
2099.03
2090.92
2075.42
2092.41
2079.38
2085.64
2072.72
2059.09
2066.44
2062.27
2081.83
2077.66
2089.52
2085.95
2083.09
2094.47
2077.59
2101.56
2105.61
2116.20
2125.59
2146.13
2131.53
2127.36
2125.14
2128.25
2117.94
2137.13
2143.86
2136.27
2150.84
2168.05
2161.80
2163.39
2164.84
2157.05
2164.19
2157.72
2164.97
2185.00
2170.44
2173.03
2167.48
2171.69
2167.33
2177.88
2180.58
2178.39
2191.94
2179.44
2185.89
2180.13
2184.30
2188.25
2191.33
2198.17
2169.86
2179.47
2176.02
2167.67
2174.00
2178.50
2175.84
2164.61
2184.16
2176.31
2153.52
2186.58
2177.84
2180.19
2177.73
2190.48
2182.84
2194.20
2199.83
2177.83
2213.88
2208.77
2199.59
2214.61
2212.95
2216.08
2222.56
2235.75
2211.48
2244.02
2230.64
2222.34
2232.19
2220.56
2236.02
2228.33
2238.72
2214.64
2242.44
2245.75
2262.25
2263.30
2274.72
2277.28
2286.23
2285.03
2287.55
2284.91
2288.28
2290.05
2305.52
2320.95
2326.03
2326.11
2311.61
2322.17
2321.16
2339.23
2333.67
2332.97
2353.00
2337.67
2340.19
2343.48
2350.95
2353.11
2373.00
2388.23
2382.67
2362.88
2355.73
2377.13
2357.53
2371.75
2382.97
2405.89
2403.22
2390.33
2400.20
2391.03
2382.20
2387.56
2397.63
2419.78
2394.16
2386.06
2400.30
2411.36
2414.38
2388.02
2414.34
2406.34
2419.59
2422.09
2436.28
2398.06
2408.03
2420.59
2442.55
2421.86
2416.66
2440.02
2442.44
2442.64
2446.19
2460.30
2445.16
2454.66
2462.66
2445.27
2450.70
2455.61
2475.59
2474.09
2454.50
2473.09
2488.52
2467.30
2482.45
2470.98
2469.64
2472.39
2479.98
2460.88
2470.72
2492.19
2482.39
2493.72
2506.44
2478.06
2497.16
2488.67
2493.64
2493.11
2488.17
2501.44
2517.41
2516.56
2513.64
2506.06
2521.14
2507.98
2508.30
2537.55
2532.34
2542.86
2542.50
2536.83
2519.11
2534.66
2538.89
2545.84
2549.61
2552.81
2572.42
2560.98
2575.03
2565.55
2569.55
2574.61
2560.53
2579.16
2566.59
2575.34
2556.63
2562.41
2595.78
2570.25
2573.58
2558.97
2598.20
2604.53
2584.38
2595.28
2614.25
2635.67
2632.83
2621.58
2603.88
2607.06
2596.83
2622.53
2610.91
2605.50
2572.42
2602.44
2612.22
2630.30
2625.44
2648.23
2658.23
2661.61
2666.48
2687.56
2656.05
2690.34
2677.39
2689.14
2682.16
2679.52
2662.63
2670.95
2664.64
2666.73
2658.11
2640.42
2637.13
2655.23
2654.08
2645.56
2658.23
2668.80
2674.80
2686.78
2674.08
2687.95
2717.06
2692.36
2718.06
2723.13
2706.69
2704.72
2719.38
2718.69
2728.56
2717.61
2698.17
2706.45
2731.47
2726.47
2731.39
2714.05
2708.17
2731.63
2744.81
2729.97
2741.17
2735.88
2716.13
2714.92
2728.73
2725.11
2708.81
2742.06
2743.19
2737.97
2742.03
2755.34
2776.14
2785.25
2798.02
2773.63
2767.72
2778.02
2762.34
2773.09
2767.81
2773.30
2771.03
2776.38
2776.28
2761.20
2797.89
2775.81
2812.33
2794.61
2797.66
2790.58
2782.98
2793.53
2814.83
2809.86
2814.67
2810.97
2808.52
2792.80
2813.03
2806.78
2794.88
2808.53
2799.34
2808.67
2804.86
2809.75
2810.78
2803.50
2827.83
2814.63
2812.05
2841.25
2827.63
2795.06
2824.34
2817.42
2811.44
2808.63
2831.20
2810.23
2834.98
2828.13
2845.25
2834.55
2822.47
2795.23
2816.78
2829.77
2857.11
2831.95
2845.09
2828.75
2825.66
2835.08
2823.75
2846.95
2857.50
2841.55
2839.17
2848.06
2871.80
2876.86
2879.81
2895.84
2867.50
2878.36
2862.02
2856.77
2886.13
2890.55
2878.50
2864.20
2856.42
2848.03
2853.69
2864.45
2862.83
2870.41
2868.92
2864.11
2862.95
2859.06
2842.36
2843.53
2822.89
2864.42
2843.56
2849.25
2863.52
2887.83
2894.48
2885.48
2892.30
2895.53
2888.70
2897.02
2889.92
2914.41
2923.47
2907.95
2922.63
2928.02
2922.69
2919.89
2908.50
2922.25
2910.55
2938.34
2922.28
2927.75
2921.39
2892.91
2931.89
2912.78
2930.78
2933.86
2911.77
2911.66
2922.59
2930.22
2924.63
2939.38
2938.73
2946.05
2947.20
2948.50
2951.30
2962.84
2937.66
2964.30
2941.09
2955.06
2989.25
2971.45
2944.55
2957.30
2952.55
2962.75
2972.06
2979.20
2989.78
2979.67
2993.22
3003.86
2993.98
2989.02
2976.97
3000.94
2998.77
2998.23
2999.14
3013.05
3014.78
3038.08
3005.86
3029.94
3040.92
3011.38
3027.42
3029.84
3002.52
3010.53
3026.59
3038.06
3012.72
3036.23
3025.36
3038.23
3040.55
3012.53
3045.89
3038.13
3045.89
3048.73
3029.77
3020.53
3012.11
3036.72
3046.08
3037.22
3042.97
3036.38
3038.55
3050.16
3062.05
3064.97
3060.23
3061.20
3068.23
3091.91
3086.25
3090.97
3103.89
3070.08
3082.17
3092.02
3075.78
3115.09
3075.42
3086.61
3087.44
3075.52
3095.84
3089.61
3109.14
3097.80
3108.25
3123.20
3107.33
3113.55
3120.81
3118.94
3126.36
3133.05
3135.61
3127.11
3138.94
3136.72
3157.63
3176.58
3161.64
3162.47
3174.19
3171.73
3165.69
3167.09
3147.31
3175.77
3164.31
3173.66
3168.66
3170.03
3168.25
3133.81
3128.25
3140.39
3130.17
3125.25
3115.17
3147.72
3144.02
3138.98
3140.89
3184.47
3187.23
3182.27
3180.09
3199.61
3203.92
3213.47
3229.84
3187.80
3199.89
3212.03
3199.84
3206.77
3227.52
3258.20
3229.59
3221.27
3247.34
3246.91
3249.34
3238.23
3245.73
3227.80
3247.84
3274.34
3281.34
3248.33
3275.41
3277.47
3252.70
3255.11
3279.47
3266.86
3282.67
3273.72
3267.77
3227.11
3237.66
3259.52
3259.23
3260.58
3252.38
3283.05
3299.30
3312.23
3305.72
3284.75
3282.31
3282.61
3281.41
3258.28
3251.20
3228.67
3253.61
3252.91
3276.50
3274.55
3270.97
3255.88
3264.88
3267.88
3262.16
3254.94
3275.97
3283.36
3308.69
3268.45
3275.02
3264.23
3292.53
3287.44
3315.95
3310.61
3325.33
3323.13
3323.19
3318.75
3313.48
3314.77
3298.83
3306.70
3309.27
3299.48
3309.94
3312.27
3304.53
3309.34
3293.50
3303.44
3289.06
3305.47
3287.44
3288.55
3288.00
3313.56
3310.81
3314.84
3323.94
3331.53
3322.64
3347.56
3329.61
3349.86
3321.81
3325.95
3303.28
3326.94
3342.42
3339.66
3333.19
3340.22
3343.31
3338.36
3358.19
3312.83
3342.03
3302.16
3351.64
3295.00
3334.27
3317.16
3346.30
3350.02
3359.05
3352.03
3356.81
3358.30
3382.48
3409.31
3384.52
3365.31
3369.47
3364.53
3381.55
3386.20
3386.77
3371.44
3384.36
3383.89
3391.11
3356.31
3376.27
3381.61
3337.44
3381.16
3365.84
3336.19
3397.27
3376.05
3363.63
3368.42
3366.63
3382.78
3364.94
3356.44
3376.78
3339.17
3369.61
3360.91
3339.22
3326.83
3339.33
3367.63
3379.59
3381.34
3402.03
3396.92
3406.42
3387.53
3371.17
3416.70
3423.47
3442.27
3425.95
3448.88
3426.42
3403.91
3438.08
3443.75
3440.53
3441.98
3452.20
3454.95
3415.39
3420.95
3402.19
3409.23
3418.11
3413.16
3404.38
3395.98
3390.88
3386.70
3366.59
3375.81
3409.06
3406.84
3389.63
3379.06
3395.33
3400.81
3396.88
3389.69
3406.98
3406.39
3411.17
3416.83
3422.84
3411.80
3441.69
3438.28
3443.14
3444.22
3417.17
3437.78
3450.34
3448.23
3474.61
3470.64
3467.30
3475.63
3482.73
3451.97
3473.56
3452.59
3459.05
3453.05
3446.30
3437.77
3456.11
3480.13
3463.91
3466.47
3461.03
3476.44
3460.56
3461.88
3478.22
3481.20
3481.83
3486.52
3472.42
3438.98
3469.81
3465.69
3451.25
3467.20
3464.27
3471.22
3458.66
3476.69
3466.69
3440.50
3451.17
3456.89
3443.36
3437.53
3443.42
3456.83
3458.70
3472.53
3487.59
3479.05
3443.30
3475.73
3463.19
3507.77
3481.03
3486.33
3485.45
3511.28
3524.08
3525.78
3512.73
3538.80
3545.25
3542.36
3564.28
3558.13
3550.56
3535.13
3544.22
3531.64
3531.75
3533.44
3484.27
3497.45
3505.25
3505.20
3484.94
3494.69
3522.94
3515.45
3505.75
3533.58
3533.72
3517.98
3537.67
3536.88
3545.64
3549.16
3546.69
3540.30
3559.22
3579.03
3564.98
3567.27
3586.80
3570.50
3568.27
3568.27
3580.38
3601.55
3577.05
3560.08
3563.98
3573.03
3562.92
3542.50
3569.20
3573.25
3567.17
3588.95
3560.22
3578.50
3572.34
3573.25
3573.16
3592.72
3567.56
3592.88
3573.38
3579.61
3579.16
3556.53
3570.39
3547.58
3565.61
3579.08
3601.25
3605.02
3594.61
3590.02
3621.70
3621.88
3615.22
3597.36
3605.97
3614.70
3612.69
3655.55
3661.11
3639.55
3651.94
3646.91
3643.75
3616.50
3607.56
3607.44
3628.19
3600.16
3626.59
3617.30
3620.14
3631.42
3639.55
3629.47
3625.28
3629.14
3648.97
3663.44
3637.44
3636.45
3680.05
3662.28
3656.14
3664.72
3683.20
3667.95
3686.66
3674.27
3665.83
3665.58
3681.42
3660.41
3645.39
3656.59
3667.33
3665.86
3675.67
3671.39
3690.55
3669.69
3673.88
3668.45
3699.30
3669.59
3683.59
3689.86
3701.53
3726.00
3701.20
3722.13
3711.48
3712.47
3714.27
3697.39
3706.48
3706.11
3729.73
3734.56
3716.39
3736.91
3742.63
3734.22
3724.31
3717.03
3727.02
3758.44
3753.33
3751.42
3757.75
3756.22
3764.91
3758.55
3765.53
3773.70
3790.98
3775.53
3748.06
3776.00
3775.81
3760.23
3769.39
3765.78
3778.89
3798.58
3783.27
3764.28
3786.45
3795.84
3771.31
3785.61
3808.42
3794.42
3798.41
3788.20
3803.61
3784.31
3771.78
3784.97
3776.52
3759.59
3770.08
3792.42
3770.61
3748.91
3769.61
3769.83
3755.42
3774.08
3798.63
3767.25
3750.44
3759.86
3768.09
3769.22
3740.36
3739.09
3762.06
3790.56
3797.27
3777.73
3809.36
3837.91
3790.48
3807.81
3805.59
3793.77
3826.38
3831.48
3836.91
3819.34
3807.91
3822.83
3831.33
3834.86
3841.52
3851.38
3834.33
3857.88
3817.00
3849.70
3819.25
3832.08
3865.47
3856.98
3855.09
3832.19
3865.73
3842.06
3871.13
3874.63
3865.80
3873.88
3869.84
3880.75
3850.30
3850.84
3848.86
3826.45
3868.67
3829.48
3846.20
3862.36
3842.53
3870.41
3906.31
3898.56
3864.11
3860.97
3849.02
3860.17
3885.39
3869.88
3903.14
3921.61
3928.00
3926.73
3915.30
3927.27
3920.50
3916.88
3908.75
3911.27
3920.94
3884.39
3906.80
3923.52
3924.83
3907.75
3919.17
3906.88
3919.69
3913.06
3937.34
3888.97
3917.42
3918.17
3938.28
3941.48
3917.73
3908.55
3933.09
3939.19
3917.39
3919.86
3906.33
3924.50
3907.11
3923.81
3904.23
3929.22
3927.52
3923.38
3931.58
3927.16
3928.02
3947.23
3944.77
3947.77
3963.19
3957.13
3978.50
3948.09
3965.00
3979.67
3953.31
3976.52
3959.50
3973.34
3940.09
3946.95
3937.28
3943.50
3931.16
3939.69
3954.73
3956.59
3967.20
3975.13
3967.88
3977.95
3981.14
3987.19
3974.33
3989.19
3977.70
3927.28
3957.22
3966.63
3962.92
3973.56
3949.83
3926.97
3952.50
3946.91
3944.59
3948.16
3959.98
3970.86
3967.73
3982.16
3964.34
3968.14
3964.17
3961.50
3964.55
3965.33
3941.75
3963.39
3946.44
3960.27
3954.59
3963.86
3954.47
3916.45
3908.06
3954.53
3952.56
3960.42
3955.30
3969.59
3969.36
3963.20
3947.14
3982.56
3964.92
3970.53
3969.48
3960.47
3955.08
3969.63
3974.11
3965.58
3987.61
3988.47
3980.38
4015.91
4006.13
4029.20
3984.41
3997.11
4004.88
4017.72
4010.14
4013.34
4027.03
4044.52
4044.41
4017.02
4020.72
4026.98
4014.77
4033.53
4028.08
4061.55
4060.05
4059.73
4056.14
4029.84
4062.52
4048.56
4068.69
4070.50
4054.63
4058.70
4059.77
4059.61
4060.78
4049.67
4058.77
4049.34
4058.55
4065.75
4090.66
4081.33
4076.33
4082.91
4087.34
4082.92
4093.44
4049.11
4060.16
4071.72
4059.69
4055.66
4042.16
4033.47
4069.66
4069.70
4104.64
4085.84
4093.88
4090.64
4103.88
4094.58
4109.91
4085.69
4092.08
4094.86
4098.59
4108.31
4111.31
4115.09
4086.06
4069.56
4107.23
4091.36
4090.72
4091.91
4088.66
4100.36
4083.06
4098.73
4114.27
4094.08
4102.53
4103.33
4088.81
4104.86
4087.09
4105.45
4108.48
4128.00
4106.23
4112.61
4144.08
4140.03
4106.50
4098.55
4150.58
4132.91
4152.44
4158.78
4126.77
4152.08
4176.53
4157.94
4157.72
4149.36
4152.52
4180.86
4190.77
4180.97
4196.16
4195.03
4199.94
4182.78
4193.34
4175.50
4200.56
4164.67
4165.27
4197.30
4169.81
4173.83
4198.59
4200.20
4196.09
4213.34
4206.48
4201.56
4201.47
4197.38
4200.02
4201.47
4226.80
4218.14
4184.72
4177.06
4168.02
4198.70
4197.84
4228.95
4210.27
4237.58
4213.53
4229.77
4251.64
4235.17
4235.23
4229.89
4256.55
4266.14
4280.20
4276.83
4261.98
4253.64
4249.11
4250.72
4247.58
4251.97
4257.11
4246.23
4258.72
4265.77
4245.72
4250.36
4258.86
4262.55
4274.95
4274.45
4312.50
4311.11
4329.45
4304.22
4288.27
4295.78
4294.61
4307.16
4320.31
4291.02
4307.42
4300.17
4363.53
4313.48
4301.53
4331.80
4328.06
4326.64
4340.56
4329.83
4333.42
4329.78
4354.25
4356.28
4353.41
4349.38
4339.94
4336.56
4332.48
4329.97
4322.34
4321.92
4313.77
4325.67
4350.63
4342.72
4381.86
4367.91
4362.38
4350.44
4393.03
4403.78
4349.97
4390.30
4398.70
4396.64
4392.78
4410.50
4426.88
4387.08
4390.78
4418.55
4424.05
4418.17
4396.38
4419.84
4388.91
4426.34
4461.78
4467.00
4471.06
4469.16
4475.80
4461.09
4440.75
4445.78
4453.75
4463.38
4469.27
4441.47
4442.91
4436.98
4459.73
4454.19
4460.19
4480.23
4458.95
4450.28
4488.92
4457.91
4498.89
4511.66
4504.77
4521.00
4534.91
4527.52
4514.00
4506.66
4485.69
4487.95
4488.28
4494.14
4519.39
4547.38
4539.16
4527.11
4554.08
4536.80
4547.00
4580.83
4583.63
4636.02
4588.66
4570.00
4565.98
4548.45
4565.92
4545.73
4553.64
4568.50
4576.16
4597.48
4558.75
4589.20
4586.67
4582.72
4579.11
4573.25
4586.22
4600.34
4628.72
4617.05
4635.50
4636.09
4615.13
4592.39
4594.36
4623.92
4637.28
4639.53
4690.86
4682.52
4640.06
4644.58
4667.22
4654.77
4628.31
4644.59
4645.39
4638.45
4627.84
4611.70
4647.14
4682.77
4665.27
4674.25
4660.73
4628.84
4670.98
4694.98
4662.81
4653.69
4631.50
4640.33
4685.27
4667.91
4638.63
4644.64
4656.00
4649.50
4654.23
4622.39
4659.67
4670.55
4657.42
4616.09
4627.75
4650.22
4647.59
4648.42
4681.02
4679.56
4683.91
4696.66
4696.47
4698.38
4715.17
4710.23
4740.67
4713.66
4688.75
4742.56
4723.34
4726.30
4705.20
4751.36
4748.56
4766.67
4788.20
4759.28
4748.39
4718.83
4759.23
4768.02
4774.63
4772.16
4758.72
4747.55
4737.63
4753.55
4751.50
4735.70
4743.23
4763.14
4721.27
4734.53
4769.28
4738.33
4775.97
4772.00
4780.73
4782.27
4801.83
4786.16
4764.28
4784.34
4819.70
4781.72
4815.30
4791.66
4812.89
4771.02
4774.27
4750.30
4769.20
4795.17
4808.61
4803.73
4837.25
4846.20
4827.88
4816.88
4807.58
4820.06
4794.20
4836.59
4817.94
4863.27
4856.45
4860.61
4837.56
4824.31
4823.23
4857.23
4863.98
4883.05
4856.80
4892.19
4875.77
4868.64
4887.34
4904.48
4875.19
4882.77
4856.78
4829.42
4862.00
4876.66
4876.91
4870.84
4863.00
4863.80
4836.14
4852.31
4867.36
4849.08
4855.30
4857.92
4845.52
4886.70
4893.36
4845.89
4867.16
4861.80
4872.70
4856.20
4886.81
4873.38
4882.45
4909.58
4906.52
4881.31
4859.50
4889.77
4872.67
4873.11
4906.44
4904.39
4914.16
4892.77
4901.95
4912.48
4912.19
4920.41
4930.23
4891.67
4922.23
4892.28
4887.75
4905.58
4897.28
4904.44
4956.48
4952.83
4968.67
4933.91
4947.13
4927.30
4987.36
5003.30
5008.45
5010.39
4972.42
5017.30
5037.92
5051.34
4997.69
5017.56
5019.56
5027.78
5033.44
5009.08
5019.52
5019.16
5009.75
5011.88
5020.89
5011.41
5037.58
5013.00
5034.67
5031.67
5051.38
5047.14
5055.11
5046.67
5071.44
5090.14
5039.53
5028.67
5055.25
5050.42
5028.33
5024.25
5056.20
5046.52
5065.06
5058.28
5029.66
5036.23
5030.83
5041.69
5058.25
5047.05
5084.67
5065.36
5094.09
5086.58
5120.05
5100.66
5089.81
5106.83
5093.25
5080.45
5104.77
5129.83
5143.63
5110.88
5096.50
5144.25
5149.72
5148.22
5165.45
5182.64
5180.75
5167.61
5182.36
5200.63
5199.92
5175.36
5201.75
5201.05
5188.06
5216.61
5210.17
5214.20
5203.66
5225.56
5219.03
5185.69
5248.55
5225.36
5232.39
5207.56
5199.22
5187.70
5204.50
5163.72
5172.13
5169.25
5155.45
5166.75
5168.06
5183.17
5188.28
5194.91
5177.61
5199.84
5204.05
5215.50
5202.94
5238.55
5218.94
5216.03
5192.73
5236.02
5226.66
5234.86
5221.78
5206.00
5218.13
5259.67
5232.31
5244.92
5278.47
5275.41
5256.48
5247.80
5298.31
5274.14
5273.81
5309.70
5318.81
5301.86
5274.03
5286.47
5287.47
5254.11
5248.44
5247.00
5278.27
5288.03
5284.36
5315.00
5299.00
5334.08
5304.48
5322.22
5298.45
5305.28
5278.59
5313.48
5307.00
5310.92
5296.28
5337.00
5319.00
5330.03
5326.25
5348.30
5360.91
5358.31
5404.28
5376.00
5356.20
5334.69
5363.59
5349.73
5360.36
5330.48
5345.27
5339.73
5366.94
5393.19
5376.22
5386.91
5375.73
5365.58
5374.75
5390.48
5390.16
5353.91
5351.63
5397.00
5359.89
5397.73
5411.20
5382.09
5385.44
5375.95
5416.50
5402.44
5419.03
5421.63
5417.95
5377.86
5397.17
5407.95
5390.69
5388.67
5389.64
5415.84
5418.13
5397.72
5402.83
5400.45
5421.28
5407.53
5433.89
5423.23
5443.81
5432.48
5419.41
5402.47
5428.50
5435.05
5432.41
5435.08
5431.75
5416.45
5401.02
5428.39
5430.80
5405.70
5400.33
5432.45
5419.42
5437.30
5421.70
5437.73
5452.17
5426.73
5448.44
5451.81
5437.00
5449.13
5439.95
5415.89
5443.75
5442.69
5450.09
5428.17
5419.64
5404.88
5432.31
5458.06
5449.03
5449.19
5457.81
5441.08
5447.27
5452.50
5477.55
5466.63
5507.78
5492.69
5507.77
5490.61
5474.53
5491.23
5513.20
5519.05
5503.67
5499.06
5520.41
5503.22
5492.66
5492.97
5504.50
5495.00
5488.41
5489.75
5525.77
5511.61
5513.20
5488.83
5496.95
5492.72
5509.92
5527.30
5494.30
5527.52
5506.23
5527.59
5515.69
5510.05
5503.92
5565.75
5588.34
5539.94
5550.97
5562.02
5574.72
5569.94
5582.20
5582.13
5608.59
5568.70
5584.58
5580.59
5581.03
5634.23
5614.92
5617.00
5623.38
5578.59
5558.02
5579.44
5580.41
5593.19
5599.14
5593.41
5601.53
5603.69
5620.63
5647.63
5606.94
5652.25
5649.23
5637.25
5614.16
5637.23
5624.36
5644.14
5643.41
5641.39
5624.41
5623.66
5619.92
5594.16
5613.13
5610.23
5603.78
5645.03
5676.34
5666.80
5646.77
5654.73
5645.20
5657.31
5662.06
5635.00
5650.36
5636.56
5650.58
5651.86
5643.14
5612.11
5587.00
5620.95
5605.34
5599.81
5575.80
5639.06
5615.44
5617.27
5613.11
5618.44
5625.41
5648.73
5623.63
5608.72
5658.61
5645.88
5650.45
5627.69
5676.25
5674.94
5683.14
5653.52
5650.47
5668.72
5657.86
5657.39
5658.61
5663.59
5678.86
5687.22
5679.59
5704.02
5713.94
5679.50
5685.08
5701.50
5672.41
5690.83
5699.33
5679.98
5680.03
5686.38
5695.61
5733.67
5712.58
5725.02
5719.30
5741.25
5737.38
5720.78
5726.20
5770.84
5742.91
5755.98
5760.63
5782.09
5776.36
5773.38
5772.97
5784.61
5781.08
5743.41
5774.17
5780.23
5793.44
5789.25
5786.97
5781.23
5758.28
5784.64
5795.59
5788.48
5777.56
5770.30
5800.52
5799.33
5812.02
5822.89
5802.30
5816.42
5818.91
5840.50
5798.19
5801.73
5783.47
5781.06
5799.59
5768.47
5805.55
5800.42
5812.25
5807.92
5794.19
5828.59
5804.02
5778.06
5755.00
5790.95
5830.67
5781.11
5787.45
5768.31
5778.41
5766.34
5803.73
5792.78
5794.39
5808.22
5784.53
5768.73
5779.02
5816.22
5814.83
5822.67
5795.64
5800.34
5777.86
5795.31
5823.33
5821.91
5806.25
5829.02
5836.08
5834.45
5827.52
5810.23
5821.64
5820.11
5805.00
5818.23
5796.06
5812.11
5823.39
5796.05
5818.33
5819.91
5826.67
5824.73
5792.72
5842.92
5832.94
5821.14
5819.88
5828.88
5800.75
5814.98
5836.75
5829.92
5817.33
5841.47
5848.36
5868.00
5848.53
5873.23
5833.13
5872.20
5870.59
5878.36
5860.39
5895.67
5878.28
5902.39
5877.50
5866.48
5876.00
5868.47
5884.53
5890.91
5869.88
5876.48
5863.34
5851.25
5871.05
5886.50
5886.84
5899.25
5906.69
5886.92
5908.63
5910.47
5911.95
5897.58
5907.06
5897.92
5906.81
5942.95
5922.45
5909.67
5956.22
5938.83
5922.39
5955.64
5919.20
5920.72
5928.98
5982.36
5974.89
5969.84
5972.72
5965.48
5956.30
5966.42
5950.95
5969.44
5997.67
5955.61
5967.58
5987.69
5991.45
5992.53
5962.91
6003.16
6016.59
5983.05
6017.64
6007.73
6028.05
6025.22
6018.94
6036.45
5996.98
5984.39
5975.22
5983.80
5979.52
5960.45
5972.03
5951.72
5991.36
6013.75
6014.95
5991.53
6036.52
5997.11
6004.34
5997.72
6052.52
6022.48
6029.81
6053.17
6052.83
6051.50
6065.81
6065.89
6083.25
6082.33
6098.22
6114.77
6108.95
6150.39
6128.97
6092.08
6112.36
6129.86
6129.94
6171.50
6170.44
6152.28
6164.95
6141.03
6191.14
6165.25
6156.16
6134.20
6153.05
6129.22
6132.84
6162.11
6148.03
6205.41
6204.66
6220.83
6222.31
6213.70
6210.17
6213.33
6191.63
6177.08
6209.94
6221.44
6183.52
6206.58
6210.98
6202.28
6180.13
6186.64
6225.08
6266.52
6216.42
6232.77
6239.66
6185.25
6235.08
6235.44
6249.11
6242.53
6254.78
6247.89
6271.55
6275.97
6271.97
6300.94
6270.70
6288.27
6348.25
6332.11
6304.97
6301.44
6278.73
6321.06
6282.81
6291.31
6289.50
6317.41
6311.14
6313.73
6298.25
6295.02
6309.53
6292.52
6304.08
6307.84
6313.73
6333.83
6357.30
6333.08
6340.03
6369.11
6379.83
6390.02
6368.38
6371.41
6361.91
6370.80
6327.09
6295.78
6305.38
6352.31
6347.02
6334.16
6350.69
6379.44
6347.14
6334.88
6347.08
6316.13
6307.02
6315.47
6324.20
6316.48
6338.89
6349.58
6354.73
6357.06
6371.08
6317.83
6321.34
6345.03
6340.05
6321.83
6372.20
6392.64
6381.19
6418.86
6418.55
6419.44
6425.19
6438.41
6433.97
6419.20
6433.41
6380.72
6435.39
6460.58
6455.05
6461.86
6475.09
6509.00
6483.00
6480.27
6460.73
6474.27
6456.44
6488.75
6469.25
6495.80
6468.89
6452.64
6485.83
6489.31
6501.19
6482.86
6491.75
6498.97
6489.30
6484.09
6476.39
6517.63
6513.78
6496.39
6510.09
6525.98
6529.19
6526.97
6515.45
6516.66
6535.69
6535.95
6531.83
6528.22
6510.64
6552.81
6535.41
6527.67
6545.11
6561.00
6553.20
6552.44
6591.89
6638.41
6623.45
6597.58
6579.88
6608.17
6597.95
6571.64
6574.66
6569.75
6570.72
6581.86
6583.00
6589.06
6589.72
6615.86
6625.44
6638.67
6668.75
6614.31
6603.05
6629.17
6632.56
6645.33
6630.20
6648.83
6582.92
6588.47
6580.00
6560.95
6586.78
6599.84
6615.88
6616.22
6617.02
6630.11
6593.69
6582.70
6581.20
6586.94
6611.80
6581.33
6608.16
6611.61
6602.98
6625.64
6632.61
6619.77
6632.59
6657.11
6619.20
6656.67
6636.86
6630.80
6634.11
6634.22
6668.98
6652.23
6677.03
6676.39
6700.50
6651.00
6644.58
6630.08
6656.80
6631.52
6650.05
6630.61
6685.81
6694.56
6698.11
6693.47
6689.59
6671.48
6663.25
6663.08
6662.83
6628.16
6645.61
6654.73
6623.78
6609.83
6671.17
6650.73
6679.55
6625.41
6616.27
6635.47
6677.94
6654.36
6669.25
6656.47
6681.47
6647.91
6651.08
6660.08
6670.19
6667.19
6681.89
6685.31
6714.66
6700.72
6727.39
6717.06
6723.20
6727.73
6725.69
6720.47
6739.27
6748.75
6744.25
6747.95
6742.09
6747.81
6728.13
6745.77
6760.47
6775.25
6751.36
6767.25
6753.42
6735.39
6781.91
6752.83
6772.69
6771.06
6762.27
6781.38
6781.86
6799.39
6780.78
6774.53
6807.92
6797.48
6831.70
6789.06
6822.00
6824.61
6824.16
6825.92
6840.33
6846.92
6839.44
6845.64
6839.88
6849.53
6838.52
6825.80
6834.38
6810.47
6807.47
6779.72
6817.77
6784.63
6781.70
6801.61
6833.97
6855.55
6839.36
6844.33
6828.77
6865.00
6865.55
6836.47
6842.11
6890.30
6886.45
6906.63
6875.86
6897.50
6941.00
6925.13
6931.63
6962.78
6980.06
6969.03
6946.63
6940.59
6950.83
6929.45
6920.22
6951.11
6945.03
6960.27
6969.64
6946.50
6951.64
6951.58
6954.86
6962.75
6963.92
6999.50
7000.14
7006.17
6997.05
6972.95
6988.80
6981.31
6982.50
6956.20
6980.52
6956.86
6932.27
6979.48
7022.80
7009.28
7036.11
6988.33
6993.42
6991.78
7013.50
7000.83
6977.83
6977.94
6994.48
7018.25
7019.38
7022.58
6994.06
6994.38
7000.33
7003.38
6993.58
6994.33
6969.44
7008.97
7003.78
7002.06
7037.08
7032.56
7076.94
7015.73
7036.59
7057.00
7050.70
7095.61
7079.58
7099.91
7050.72
7065.45
7082.98
7115.42
7091.84
7095.20
7097.45
7104.08
7085.77
7069.86
7105.91
7126.17
7103.58
7120.67
7154.53
7142.77
7147.34
7196.97
7173.33
7131.38
7188.11
7169.25
7203.00
7202.36
7176.34
7190.53
7213.00
7182.91
7174.45
7197.56
7226.77
7181.59
7197.77
7152.58
7168.50
7173.53
7168.73
7213.30
7199.53
7184.22
7176.05
7195.19
7182.34
7176.09
7175.11
7161.89
7158.94
7166.66
7154.06
7158.23
7159.64
7146.13
7123.78
7113.30
7109.94
7149.36
7144.80
7153.97
7146.23
7149.45
7114.20
7127.23
7121.81
7149.55
7154.33
7133.95
7116.86
7178.09
7170.06
7175.98
7163.61
7176.17
7207.61
7194.05
7206.45
7175.42
7187.61
7196.48
7213.20
7165.91
7167.06
7191.28
7175.64
7148.53
7180.06
7162.84
7163.67
7133.41
7149.98
7171.95
7153.59
7164.69
7184.22
7143.73
7161.66
7165.59
7149.48
7164.80
7143.92
7145.52
7127.33
7121.80
7150.53
7142.50
7152.16
7168.17
7118.30
7131.00
7126.38
7142.72
7188.19
7165.05
7150.45
7155.59
7138.42
7157.11
7159.78
7191.08
7178.00
7152.88
7193.06
7190.97
7173.86
7226.41
7206.59
7184.53
7211.97
7233.09
7236.44
7234.92
7235.58
7250.42
7242.80
7277.97
7261.33
7287.88
7276.64
7242.83
7252.36
7251.72
7252.66
7240.72
7213.70
7228.13
7220.58
7251.41
7290.88
7279.56
7310.14
7322.02
7282.94
7246.66
7262.38
7244.23
7279.28
7300.56
7278.91
7297.50
7263.70
7304.69
7288.70
7253.05
7321.78
7297.03
7290.75
7320.70
7333.64
7312.38
7360.22
7324.13
7346.56
7380.81
7352.92
7345.47
7340.14
7343.52
7396.14
7363.16
7357.63
7376.50
7338.17
7335.33
7354.59
7350.67
7359.34
7305.84
7345.84
7358.31
7340.39
7309.16
7322.97
7358.11
7342.94
7326.55
7346.30
7333.16
7373.67
7372.55
7376.73
7370.27
7350.75
7366.78
7353.25
7351.38
7356.86
7337.91
7381.23
7369.88
7352.11
7369.39
7366.67
7346.45
7339.17
7296.19
7304.66
7317.09
7319.97
7334.53
7359.03
7348.56
7352.67
7343.30
7329.59
7380.09
7379.91
7382.83
7389.48
7403.19
7438.30
7428.20
7449.61
7484.14
7408.53
7464.06
7449.38
7457.48
7442.19
7413.03
7399.89
7425.56
7432.59
7443.28
7450.45
7435.94
7436.22
7454.47
7448.34
7397.47
7416.00
7405.45
7415.73
7384.09
7371.19
7365.36
7377.45
7393.78
7374.97
7371.16
7373.64
7385.75
7429.22
7419.50
7400.59
7431.61
7440.09
7441.06
7460.27
7433.63
7428.64
7471.31
7426.88
7433.23
7450.09
7443.09
7451.69
7467.75
7431.05
7426.42
7454.45
7475.69
7474.55
7487.98
7483.47
7497.52
7476.50
7489.89
7453.23
7450.14
7474.22
7453.86
7479.17
7471.66
7443.05
7422.41
7425.66
7442.11
7390.94
7419.41
7441.97
7410.61
7406.56
7437.39
7419.06
7426.75
7459.78
7458.94
7430.75
7472.17
7450.48
7479.84
7492.92
7477.14
7475.59
7456.06
7449.06
7484.53
7474.14
7475.92
7464.19
7460.19
7466.69
7472.88
7480.08
7489.05
7497.86
7467.03
7456.64
7470.52
7480.27
7457.61
7485.91
7467.58
7506.45
7501.53
7468.63
7466.84
7444.78
7461.50
7476.00
7462.55
7447.86
7428.61
7436.98
7470.11
7456.89
7479.42
7461.09
7491.16
7487.67
7497.00
7540.95
7539.70
7546.81
7523.97
7542.45
7574.34
7544.13
7543.36
7561.67
7564.47
7555.48
7560.23
7575.19
7593.98
7574.48
7595.92
7585.92
7567.30
7605.58
7590.63
7538.27
7539.88
7571.45
7560.88
7529.11
7618.89
7581.05
7630.53
7598.22
7597.95
7598.33
7623.94
7604.59
7658.95
7644.20
7613.59
7643.00
7668.34
7637.36
7663.70
7678.72
7679.30
7675.09
7673.20
7659.53
7685.80
7646.25
7662.34
7666.59
7635.33
7669.70
7642.20
7676.89
7701.22
7720.27
7679.31
7710.78
7680.47
7697.97
7703.72
7681.08
7685.31
7695.84
7703.00
7682.17
7724.08
7703.36
7728.08
7729.38
7709.09
7714.36
7724.53
7750.53
7744.55
7744.61
7745.75
7725.05
7753.77
7787.23
7763.45
7784.31
7741.44
7761.16
7768.41
7784.06
7763.52
7797.95
7816.77
7815.05
7824.36
7853.08
7817.77
7819.84
7823.94
7816.42
7823.92
7831.77
7885.20
7868.69
7873.61
7870.03
7865.31
7872.66
7816.69
7817.92
7860.33
7865.86
7846.56
7829.56
7803.91
7824.95
7824.63
7871.06
7845.86
7855.75
7861.03
7881.20
7884.84
7864.30
7892.16
7870.98
7854.42
7874.22
7871.61
7876.03
7848.16
7845.23
7847.52
7882.19
7878.36
7888.58
7898.58
7903.92
7949.14
7943.83
7954.28
7908.14
7927.72
7969.98
7959.92
7950.83
7963.05
7956.23
7945.44
7935.70
7948.14
7971.97
7974.81
7987.88
7963.42
7979.27
7945.44
7969.77
7984.28
8015.61
8001.59
7992.98
8033.59
8032.59
8023.84
8024.59
8047.31
8048.59
8048.22
8053.63
8044.88
8047.41
8071.98
8041.30
8070.33
8065.03
8083.64
8076.92
8074.97
8036.13
8084.44
8059.50
8064.33
8051.78
8064.19
8051.41
8091.14
8064.20
8067.36
8063.22
8073.02
8089.98
8061.20
8024.38
8045.16
8043.11
8077.81
8048.95
8091.80
8085.88
8064.61
8044.16
8043.66
8065.58
8086.31
8088.16
8089.02
8060.80
8093.56
8082.30
8126.13
8108.72
8152.45
8133.58
8111.53
8131.20
8176.67
8146.58
8153.33
8138.73
8139.86
8128.81
8127.08
8133.89
8131.58
8132.97
8133.63
8133.70
8152.22
8082.91
8137.73
8146.63
8147.67
8122.67
8114.83
8089.34
8115.28
8068.11
8137.59
8142.16
8104.58
8111.09
8130.89
8131.08
8136.75
8159.44
8136.98
8112.72
8136.42
8123.16
8112.39
8129.42
8138.55
8108.91
8137.86
8160.73
8134.02
8155.38
8119.92
8110.34
8162.00
8109.75
8147.09
8128.91
8098.72
8158.56
8134.39
8131.48
8127.48
8124.09
8122.61
8119.48
8126.53
8107.83
8111.67
8112.00
8096.95
8104.17
8110.98
8104.41
8105.05
8158.36
8139.34
8151.98
8172.78
8169.89
8176.31
8192.34
8182.67
8195.25
8187.88
8188.25
8217.30
8219.92
8190.67
8208.33
8208.36
8227.05
8229.22
8245.61
8224.13
8242.09
8205.78
8205.52
8201.81
8195.45
8223.70
8208.50
8226.70
8224.70
8248.86
8212.05
8170.72
8244.52
8220.95
8262.59
8251.45
8231.72
8211.17
8169.83
8219.92
8207.48
8214.44
8198.27
8244.20
8202.84
8184.05
8204.86
8234.91
8261.69
8222.72
8281.59
8252.58
8294.97
8277.86
8256.41
8226.50
8209.00
8222.98
8248.52
8261.22
8297.16
8258.70
8289.23
8276.66
8298.09
8293.16
8261.88
8305.33
8261.20
8291.92
8262.59
8264.19
8265.45
8266.02
8300.94
8276.36
8274.64
8285.25
8297.02
8249.44
8255.19
8292.69
8282.97
8306.64
8350.55
8292.84
8287.47
8275.44
8286.61
8293.55
8277.50
8334.25
8335.86
8351.06
8331.03
8321.73
8319.45
8352.48
8381.58
8333.31
8289.61
8320.09
8317.48
8319.42
8343.56
8326.02
8313.31
8330.27
8349.00
8390.11
8367.36
8391.31
8425.19
8393.67
8401.52
8397.48
8335.73
8386.33
8399.84
8349.52
8397.75
8374.64
8366.45
8371.98
8388.64
8440.67
8421.92
8423.98
8464.45
8448.59
8513.69
8455.30
8485.64
8466.28
8490.47
8512.25
8468.64
8504.06
8479.30
8452.73
8456.34
8443.78
8446.56
8453.58
8465.41
8481.67
8453.34
8478.41
8468.84
8458.53
8478.44
8459.39
8501.75
8511.22
8497.30
8493.11
8493.56
8529.64
8548.38
8524.44
8518.28
8567.94
8555.08
8546.56
8579.42
8596.48
8604.63
8581.64
8593.08
8600.23
8584.45
8566.80
8592.05
8567.42
8586.89
8574.92
8562.14
8566.59
8608.39
8599.25
8607.13
8581.73
8568.16
8590.41
8587.98
8608.61
8610.63
8571.08
8572.38
8569.44
8555.66
8568.88
8567.53
8547.08
8557.48
8562.30
8534.45
8547.88
8562.55
8555.58
8561.11
8568.58
8581.22
8553.86
8577.53
8606.02
8563.09
8557.81
8525.83
8560.83
8536.98
8535.64
8541.20
8583.22
8540.17
8541.88
8569.94
8564.89
8541.77
8534.08
8545.73
8566.48
8604.31
8601.22
8625.41
8599.25
8588.42
8602.78
8627.25
8634.97
8633.38
8624.88
8642.31
8640.44
8612.78
8619.84
8649.89
8649.00
8651.30
8650.64
8673.41
8666.80
8651.20
8651.84
8655.97
8638.25
8667.97
8666.77
8609.11
8630.83
8621.08
8605.02
8647.14
8644.56
8644.41
8631.77
8622.56
8636.13
8658.00
8679.53
8656.84
8675.02
8668.94
8676.31
8633.67
8638.13
8638.22
8671.02
8691.70
8639.20
8628.77
8649.84
8676.08
8651.19
8674.77
8661.66
8624.44
8663.14
8681.61
8629.31
8661.59
8646.11
8630.30
8640.50
8642.75
8647.77
8691.73
8672.52
8704.22
8700.34
8720.72
8710.75
8708.02
8689.27
8675.92
8673.33
8675.84
8724.91
8711.69
8744.08
8753.36
8762.89
8737.86
8749.41
8728.20
8752.14
8727.13
8756.95
8740.25
8715.63
8731.23
8728.31
8723.13
8756.58
8718.58
8737.27
8748.39
8817.80
8806.70
8834.02
8849.73
8803.83
8763.25
8805.44
8825.47
8811.48
8821.88
8829.02
8849.67
8869.72
8892.45
8887.08
8925.56
8921.00
8921.23
8906.94
8902.81
8904.08
8911.59
8920.59
8930.56
8901.41
8941.75
8958.98
8942.17
8934.52
8950.33
8950.00
8917.64
8911.19
8966.94
8958.42
8959.53
8934.64
8921.66
8948.58
8944.59
8958.72
8969.17
9004.64
8942.47
8953.52
8964.77
8953.86
8963.31
9003.27
8951.42
9006.47
8988.84
9001.84
8995.00
8966.84
8997.73
9039.36
9001.48
9004.30
8976.42
9011.72
9008.06
9016.02
8978.77
9010.83
9018.13
9002.84
9025.44
9012.78
9024.41
8980.30
8993.48
9020.97
9040.58
9015.14
9073.59
9043.14
9039.67
9044.02
9047.81
9026.75
9023.91
9027.14
9015.55
9026.50
9066.52
9118.22
9109.05
9057.27
9059.03
9057.23
9038.81
9109.69
9062.23
9075.09
9067.89
9095.77
9065.03
9056.34
9125.39
9100.34
9073.58
9079.75
9090.94
9094.17
9108.94
9141.88
9134.17
9108.33
9107.28
9142.02
9133.58
9134.13
9116.67
9145.39
9098.52
9129.16
9156.34
9126.84
9156.69
9171.92
9212.20
9180.52
9200.77
9215.13
9152.81
9206.05
9193.97
9192.75
9192.05
9181.17
9152.95
9157.81
9181.55
9188.34
9203.64
9231.86
9235.22
9229.98
9199.13
9213.98
9162.03
9222.17
9231.44
9218.69
9206.75
9175.63
9218.00
9225.45
9213.13
9219.64
9195.88
9197.14
9206.53
9216.66
9232.23
9243.25
9219.13
9254.97
9226.59
9251.00
9251.22
9283.45
9237.59
9247.27
9196.03
9190.19
9221.47
9240.77
9273.45
9293.11
9289.75
9315.30
9311.06
9301.78
9277.98
9298.75
9306.27
9337.41
9309.94
9287.45
9325.06
9301.11
9275.08
9300.39
9311.94
9263.72
9287.39
9316.77
9296.94
9321.13
9292.58
9308.48
9313.56
9326.34
9328.25
9316.30
9369.75
9364.80
9328.38
9342.27
9345.16
9333.48
9357.02
9367.53
9367.00
9448.11
9422.23
9417.45
9429.94
9392.47
9416.50
9380.72
9360.63
9361.45
9370.58
9399.38
9381.48
9363.86
9367.89
9416.81
9424.16
9431.34
9416.38
9430.05
9452.86
9449.41
9418.58
9382.27
9388.11
9448.66
9430.81
9450.41
9442.55
9442.66
9457.31
9454.63
9458.95
9455.14
9451.05
9428.91
9404.05
9411.73
9428.47
9426.02
9466.86
9467.02
9496.91
9451.27
9453.25
9486.34
9489.50
9450.94
9492.55
9463.58
9461.30
9462.23
9450.89
9388.27
9396.98
9412.97
9408.30
9392.05
9407.20
9413.89
9393.61
9413.02
9410.63
9439.20
9477.52
9461.59
9494.05
9527.23
9490.86
9480.20
9513.77
9553.78
9555.17
9529.14
9537.48
9540.02
9579.94
9578.06
9577.64
9566.97
9591.11
9585.31
9570.00
9554.92
9557.22
9529.38
9566.20
9548.25
9574.66
9595.58
9632.36
9658.00
9665.22
9628.25
9600.61
9597.53
9594.30
9616.78
9599.98
9666.38
9646.95
9655.42
9604.25
9596.97
9626.47
9631.75
9590.09
9606.58
9602.63
9618.28
9622.55
9651.95
9611.20
9623.00
9653.02
9603.06
9549.88
9626.09
9590.55
9565.11
9571.27
9595.44
9600.27
9612.94
9613.11
9630.47
9650.98
9641.64
9606.89
9647.02
9652.25
9631.42
9653.59
9681.09
9658.81
9674.56
9666.09
9706.38
9690.34
9680.83
9700.33
9679.25
9708.17
9716.08
9700.17
9718.83
9670.23
9706.45
9706.14
9680.23
9683.95
9698.78
9699.50
9715.44
9720.55
9724.83
9747.17
9770.67
9770.73
9819.89
9724.14
9730.75
9729.41
9711.05
9722.58
9715.14
9698.25
9750.19
9728.36
9692.06
9707.63
9700.45
9686.98
9730.09
9729.14
9716.92
9746.14
9765.72
9726.31
9752.38
9752.42
9755.39
9787.72
9788.25
9777.66
9779.00
9756.33
9801.09
9790.83
9796.31
9772.69
9781.42
9816.73
9816.41
9798.09
9813.89
9815.00
9850.59
9810.27
9830.63
9839.20
9837.19
9845.77
9830.44
9879.58
9869.22
9909.94
9844.97
9864.38
9876.13
9885.47
9864.28
9904.95
9885.14
9911.69
9940.00
9922.00
9934.92
9905.98
9939.08
9951.91
9943.31
9960.55
9940.08
9968.84
9938.94
9965.88
10001.81
9993.33
9958.20
9975.72
9956.98
9968.97
9981.23
9983.53
9987.06
9984.14
9970.13
9963.80
9963.34
9992.27
10029.78
10040.38
10067.94
9978.27
10025.39
9998.28
10031.30
10021.03
10033.94
10014.77
10049.63
10027.13
10069.89
10063.91
10111.11
10099.42
10064.91
10065.88
10048.09
10058.48
10060.63
10042.11
10022.05
10037.61
10010.50
10076.55
10068.23
10066.77
10077.05
10056.89
10094.58
10089.38
10103.94
10089.14
10101.48
10095.03
10157.97
10144.09
10169.19
10184.30
10180.39
10137.75
10131.94
10161.05
10166.73
10125.47
10116.56
10108.50
10165.64
10164.09
10187.09
10194.44
10217.89
10203.19
10208.58
10175.36
10198.20
10204.66
10227.34
10225.14
10272.80
10255.48
10242.13
10200.41
10160.34
10152.09
10197.42
10180.73
10187.16
10229.11
10234.16
10201.83
10262.53
10272.97
10293.59
10283.33
10281.09
10316.53
10328.56
10309.73
10317.72
10271.95
10300.63
10279.20
10302.63
10299.72
10291.89
10293.36
10289.88
10318.03
10319.33
10313.73
10291.61
10272.22
10269.03
10255.98
10239.13
10257.72
10248.23
10298.47
10239.95
10241.83
10235.83
10259.67
10319.81
10333.33
10321.70
10292.17
10333.66
10366.92
10325.20
10354.91
10294.59
10360.97
10306.03
10325.72
10345.48
10354.45
10354.95
10344.58
10377.75
10358.38
10360.73
10354.00
10356.88
10391.55
10362.59
10385.27
10436.95
10414.80
10391.05
10354.05
10376.94
10368.98
10379.94
10401.38
10336.36
10370.25
10346.14
10385.28
10362.67
10386.25
10394.98
10395.50
10396.91
10396.94
10395.44
10382.69
10365.23
10434.77
10394.59
10413.06
10413.66
10403.30
10422.55
10427.27
10425.44
10385.64
10402.05
10397.81
10452.36
10419.22
10444.83
10458.55
10431.56
10431.83
10462.86
10445.02
10449.89
10467.89
10498.98
10436.75
10454.39
10442.98
10462.92
10481.48
10441.06
10400.98
10412.58
10423.50
10408.11
10384.94
10411.70
10390.02
10375.64
10377.28
10378.02
10356.53
10407.42
10399.98
10429.05
10424.91
10409.39
10418.19
10424.27
10432.17
10453.72
10425.30
10436.23
10435.80
10506.02
10488.66
10462.23
10460.67
10488.45
10445.08
10462.56
10472.17
10479.44
10481.77
10465.13
10429.72
10450.41
10441.08
10461.50
10454.05
10434.03
10460.72
10431.55
10400.19
10382.31
10387.02
10385.38
10419.34
10384.06
10435.56
10471.33
10484.36
10496.58
10456.14
10464.75
10487.81
10465.72
10512.20
10526.48
10518.30
10456.73
10520.11
10555.58
10525.56
10530.31
10543.70
10515.30
10513.98
10458.81
10482.63
10482.02
10499.20
10500.33
10556.92
10510.70
10555.75
10524.88
10576.44
10531.33
10540.08
10517.95
10570.44
10554.33
10549.64
10538.56
10543.94
10541.08
10577.41
10572.94
10564.70
10560.92
10606.61
10592.78
10598.52
10570.33
10583.50
10579.48
10566.70
10574.91
10558.38
10605.95
10602.06
10582.33
10632.00
10585.31
10604.08
10604.13
10572.22
10610.47
10577.13
10626.02
10624.98
10637.06
10618.33
10596.41
10632.69
10613.97
10641.81
10617.61
10593.41
10606.16
10634.11
10649.70
10662.34
10718.63
10664.31
10728.03
10682.52
10662.33
10688.67
10663.69
10655.17
10720.27
10754.41
10721.41
10717.84
10722.75
10735.66
10689.55
10710.41
10665.05
10726.44
10738.63
10753.80
10703.13
10747.83
10703.31
10709.81
10727.83
10759.53
10767.80
10746.52
10746.73
10741.89
10748.22
10790.72
10809.06
10772.08
10735.73
10795.36
10814.38
10816.33
10819.30
10785.73
10791.64
10819.36
10842.22
10821.75
10818.36
10830.28
10845.30
10862.94
10862.16
10890.27
10909.42
10863.67
10846.39
10847.94
10835.73
10839.89
10879.88
10902.41
10900.84
10938.03
10890.47
10925.44
10961.77
10951.30
10944.70
10990.38
10974.25
10943.94
10966.19
10959.22
11017.22
10976.33
11026.84
10983.19
10961.19
10981.58
11004.63
11018.53
10984.42
10937.23
11022.78
11000.03
11008.86
10977.28
10976.94
10950.36
10985.39
10971.69
10943.30
10934.88
10968.52
10981.39
10992.39
10999.83
11000.88
10994.64
11007.13
11057.33
11023.08
11021.28
10986.67
10992.17
10924.64
10941.63
10988.39
10997.81
11029.66
11023.08
11012.50
10965.14
10968.48
10939.14
10981.58
11000.34
11038.61
11027.48
11037.31
11062.70
11042.31
11045.67
11084.77
11083.27
11014.56
11047.91
11005.91
10944.73
11040.53
11054.78
11055.53
11041.91
11036.48
11024.55
11029.77
11021.84
11025.13
10999.73
11024.13
11021.48
10987.06
11029.45
11036.16
11069.17
11088.83
11084.75
11055.48
11079.80
11075.52
11056.45
11053.42
11091.94
11119.97
11128.89
11129.92
11105.95
11101.31
11088.91
11091.39
11149.30
11100.33
11148.66
11101.20
11106.20
11104.19
11102.33
11112.38
11102.13
11115.55
11130.66
11178.47
11123.92
11166.23
11164.97
11167.88
11143.92
11150.00
11129.89
11160.20
11173.91
11188.94
11220.36
11187.16
11145.89
11196.44
11205.97
11212.02
11204.41
11196.91
11246.53
11232.97
11199.25
11186.02
11240.27
11214.52
11220.75
11219.66
11288.59
11238.73
11247.19
11231.17
11231.36
11291.44
11238.25
11204.91
11253.56
11230.88
11209.98
11223.92
11214.22
11204.53
11232.95
11236.19
11261.48
11244.50
11303.78
11302.80
11294.75
11298.31
11331.25
11332.50
11317.33
11312.34
11332.39
11345.67
11349.77
11356.56
11333.56
11309.19
11316.97
11338.81
11346.20
11314.39
11340.66
11346.56
11309.67
11337.11
11328.48
11322.52
11321.13
11341.48
11351.69
11329.31
11344.89
11351.94
11386.30
11389.41
11395.06
11388.58
11390.06
11424.97
11439.56
11429.47
11413.14
11421.42
11449.25
11436.53
11433.31
11445.75
11448.09
11472.95
11453.77
11441.36
11485.05
11474.33
11504.84
11509.58
11488.08
11497.75
11494.95
11536.97
11493.00
11475.70
11533.70
11525.25
11573.08
11529.23
11578.77
11565.81
11565.13
11603.33
11599.58
11625.05
11602.48
11597.00
11613.25
11610.97
11564.61
11602.08
11636.22
11621.17
11631.41
11619.81
11651.95
11653.84
11653.27
11608.53
11602.69
11644.05
11628.66
11691.75
11668.92
11681.22
11671.95
11653.13
11689.55
11678.59
11709.02
11701.61
11725.06
11689.63
11762.22
11735.75
11722.84
11746.14
11764.25
11670.88
11655.23
11657.36
11654.36
11650.22
11681.80
11709.14
11729.94
11771.91
11746.80
11718.31
11706.69
11736.69
11757.38
11804.16
11803.84
11814.31
11773.23
11803.23
11764.27
11782.97
11761.89
11745.97
11773.53
11772.53
11792.80
11768.27
11747.88
11788.02
11799.58
11804.30
11805.83
11793.23
11829.09
11829.50
11840.92
11826.77
11865.80
11870.98
11849.52
11865.50
11825.97
11868.00
11818.45
11827.22
11840.98
11841.30
11832.55
11837.63
11792.91
11787.25
11817.19
11838.44
11860.97
11870.81
11872.63
11836.31
11877.16
11861.80
11853.97
11913.45
11930.83
11899.92
11885.14
11952.20
11952.64
11982.78
11985.44
11985.75
11972.25
11981.59
11953.67
11919.84
11952.02
11943.19
11977.11
12012.86
12046.83
12021.53
12049.05
12009.97
12009.27
12011.84
12031.09
12063.08
12048.25
12044.75
12097.78
12032.61
12098.17
12060.42
12092.95
12076.28
12101.94
12063.47
12082.69
12094.86
12130.33
12083.44
12059.30
12053.88
12075.02
12077.39
12095.09
12113.84
12141.22
12140.22
12163.22
12174.58
12162.75
12136.47
12158.02
12135.89
12131.48
12149.77
12135.52
12136.13
12203.45
12144.69
12146.13
12111.81
12134.23
12141.17
12135.64
12173.41
12175.14
12139.72
12192.77
12177.03
12155.72
12167.33
12128.72
12121.88
12137.31
12115.94
12153.08
12133.36
12164.09
12142.73
12201.58
12194.16
12222.28
12190.84
12180.64
12200.56
12222.92
12230.86
12241.36
12245.53
12205.55
12178.70
12197.44
12200.53
12219.31
12238.72
12224.56
12249.53
12238.05
12217.61
12236.64
12241.09
12261.13
12263.44
12236.95
12246.00
12183.58
12209.42
12193.11
12186.95
12188.36
12212.95
12191.00
12263.77
12257.86
12258.64
12280.47
12287.72
12267.84
12230.22
12302.27
12302.83
12260.84
12293.84
12273.44
12308.05
12324.09
12311.20
12273.91
12312.02
12318.95
12333.48
12313.89
12327.94
12320.13
12305.81
12296.94
12349.95
12319.73
12324.28
12335.48
12321.88
12336.52
12333.92
12346.09
12346.81
12331.69
12388.45
12360.42
12360.00
12349.30
12333.34
12359.97
12349.64
12371.55
12367.00
12367.34
12353.53
12338.83
12363.95
12363.98
12379.09
12403.38
12411.11
12431.94
12412.88
12358.97
12362.05
12404.86
12440.33
12422.42
12391.44
12419.58
12412.27
12434.31
12388.52
12391.73
12387.31
12375.50
12406.33
12398.31
12355.53
12403.03
12380.83
12401.36
12392.41
12388.30
12409.84
12444.98
12448.17
12415.44
12430.84
12464.95
12447.47
12466.03
12435.34
12462.33
12438.27
12474.50
12461.44
12428.13
12475.53
12462.22
12393.92
12443.11
12453.17
12450.64
12457.53
12442.98
12421.33
12439.66
12453.36
12430.38
12453.66
12459.94
12481.39
12469.23
12474.19
12503.05
12517.50
12533.92
12537.94
12512.41
12532.39
12455.19
12530.22
12526.95
12564.63
12587.84
12566.25
12528.64
12521.19
12529.05
12550.70
12549.22
12554.73
12592.80
12595.02
12582.88
12569.64
12569.11
12588.52
12558.09
12555.69
12562.20
12586.42
12572.86
12568.44
12562.34
12578.59
12557.84
12569.16
12561.16
12587.08
12610.59
12577.45
12603.23
12600.14
12631.33
12610.09
12568.48
12640.84
12680.27
12607.98
12642.13
12645.94
12588.97
12614.95
12652.50
12631.73
12632.55
12653.34
12645.33
12667.84
12651.47
12689.97
12681.92
12676.13
12687.09
12656.91
12688.36
12654.50
12698.11
12682.42
12692.64
12657.95
12665.70
12655.25
12647.70
12686.42
12640.34
12643.13
12609.80
12680.42
12592.72
12646.33
12614.81
12598.05
12615.48
12593.55
12597.06
12627.58
12608.73
12600.36
12600.30
12629.13
12582.09
12643.11
12674.55
12619.31
12611.02
12567.52
12599.83
12646.45
12605.25
12635.73
12622.47
12654.13
12637.03
12638.53
12680.91
12648.98
12616.72
12628.14
12646.06
12677.47
12635.03
12691.73
12654.11
12689.47
12658.31
12683.00
12705.44
12686.08
12653.86
12675.97
12692.69
12672.42
12657.05
12672.03
12632.45
12721.14
12671.80
12665.50
12668.58
12658.28
12679.69
12653.75
12680.23
12698.80
12670.48
12673.70
12679.25
12644.92
12653.97
12653.14
12671.56
12715.55
12723.33
12712.09
12719.67
12669.70
12685.69
12720.34
12683.44
12672.11
12715.61
12763.83
12705.95
12713.63
12673.52
12659.78
12693.55
12690.22
12712.16
12688.38
12705.30
12687.25
12698.16
12718.47
12731.00
12760.47
12750.89
12785.69
12791.84
12825.16
12785.86
12734.02
12796.47
12790.61
12769.64
12766.80
12782.50
12751.23
12734.20
12776.13
12765.13
12789.67
12834.98
12824.72
12753.44
12785.92
12792.47
12784.00
12788.09
12804.80
12780.72
12832.73
12814.88
12818.89
12821.06
12817.91
12854.41
12842.64
12824.64
12861.69
12889.22
12848.48
12839.75
12812.41
12839.67
12838.95
12827.36
12809.89
12886.14
12883.91
12843.88
12842.86
12880.28
12841.17
12850.63
12861.25
12844.03
12855.75
12810.70
12791.77
12849.19
12834.31
12798.97
12796.42
12777.28
12821.88
12830.98
12812.38
12847.50
12865.67
12777.03
12788.45
12819.88
12853.83
12834.67
12840.16
12866.44
12840.45
12853.23
12902.77
12908.06
12908.77
12890.02
12881.53
12880.77
12867.14
12913.88
12900.39
12893.61
12901.69
12901.92
12943.88
12889.88
12923.19
12908.09
12924.19
12893.97
12920.11
12905.98
12870.84
12884.05
12883.56
12859.48
12892.75
12885.50
12869.59
12892.31
12885.23
12889.02
12859.31
12869.33
12845.45
12878.98
12852.75
12873.23
12887.80
12862.16
12876.88
12876.55
12867.13
12816.30
12862.41
12891.42
12874.56
12897.31
12905.41
12878.05
12925.70
12897.92
12891.45
12937.73
12944.27
12897.19
12954.59
12915.48
12928.80
12934.11
12896.22
12921.36
12904.52
12947.16
12954.55
12898.42
12917.19
12898.64
12899.13
12897.45
12885.56
12910.86
12920.53
12890.44
12861.17
12892.72
12907.86
12899.55
12901.92
12865.50
12889.25
12901.67
12900.78
12928.09
12895.42
12875.73
12907.63
12890.56
12891.09
12902.25
12881.08
12888.44
12920.69
12866.66
12924.95
12925.94
12928.56
12911.00
12889.47
12924.83
12900.73
12973.44
12945.13
12934.48
12982.80
12934.23
12964.20
12974.69
12953.63
12943.27
12926.75
12934.61
12898.69
12915.95
12908.08
12913.78
12936.69
12897.78
12917.03
12909.83
12914.28
12907.22
12931.88
12887.95
12884.20
12893.02
12916.38
12881.84
12917.17
12935.14
12964.03
12920.89
12959.50
12948.23
12980.56
12970.83
12938.97
13001.42
12983.88
12988.38
12968.80
13015.34
13042.22
13022.20
13020.33
13026.41
13003.44
13001.06
13004.36
13023.84
13067.08
13050.69
13080.95
13066.70
13069.84
13084.55
13077.88
13087.38
13122.73
13135.03
13127.80
13164.47
13180.69
13117.67
13123.58
13112.27
13128.02
13110.52
13118.03
13091.14
13115.73
13128.25
13113.84
13109.91
13141.34
13151.02
13149.72
13128.83
13132.56
13129.42
13161.25
13131.77
13118.38
13134.84
13172.69
13136.09
13163.13
13141.28
13134.55
13119.31
13112.25
13128.97
13117.75
13087.64
13153.84
13127.97
13114.45
13147.94
13124.97
13112.03
13162.64
13190.34
13187.28
13149.47
13152.53
13126.34
13174.77
13122.03
13142.20
13169.14
13107.44
13081.78
13099.80
13099.44
13103.05
13065.22
13104.73
13086.41
13083.67
13093.97
13074.25
13122.00
13111.80
13124.73
13134.52
13112.42
13105.61
13123.66
13147.91
13162.83
13151.64
13179.91
13186.41
13148.17
13154.48
13173.66
13201.25
13226.38
13179.92
13153.55
13147.38
13165.00
13153.27
13178.92
13182.19
13203.11
13229.30
13251.05
13249.25
13207.63
13182.77
13231.17
13238.77
13190.44
13167.67
13160.91
13219.23
13186.55
13185.06
13165.70
13131.91
13154.88
13152.42
13099.81
13089.67
13089.30
13110.20
13054.13
13062.86
13110.95
13083.72
13139.78
13121.08
13130.64
13145.50
13155.94
13161.44
13139.75
13168.61
13191.73
13187.97
13188.50
13224.30
13237.83
13255.39
13256.94
13257.41
13306.53
13245.94
13247.30
13263.16
13245.52
13232.66
13229.95
13205.23
13225.36
13203.06
13226.16
13217.41
13211.06
13204.58
13213.48
13264.61
13230.92
13211.83
13207.08
13217.41
13212.53
13221.75
13260.75
13245.47
13253.75
13222.67
13239.42
13226.06
13217.34
13255.27
13239.80
13251.00
13268.52
13239.36
13242.70
13260.27
13286.39
13283.34
13281.09
13299.91
13338.31
13322.83
13327.70
13252.59
13290.59
13282.72
13235.86
13287.00
13249.53
13266.58
13263.67
13239.75
13293.06
13275.63
13277.05
13227.78
13246.48
13258.98
13287.47
13351.88
13353.53
13312.17
13350.36
13339.23
13305.19
13265.98
13290.27
13278.88
13289.75
13287.41
13288.28
13291.59
13304.44
13292.28
13298.41
13291.98
13271.27
13275.75
13267.08
13276.09
13272.30
13288.53
13332.11
13327.59
13320.36
13290.06
13304.59
13324.88
13287.80
13254.78
13277.73
13286.28
13316.95
13300.97
13251.80
13235.34
13284.69
13338.28
13327.47
13334.95
13351.23
13315.75
13333.17
13341.63
13315.20
13314.91
13307.61
13336.23
13310.11
13306.80
13321.16
13325.98
13319.70
13303.11
13305.19
13323.50
13324.64
13304.42
13353.20
13346.77
13348.94
13289.52
13333.27
13342.55
13306.77
13390.72
13380.95
13331.13
13389.22
13316.67
13313.53
13359.83
13304.58
13285.53
13328.53
13346.13
13328.08
13363.06
13359.27
13368.34
13359.88
13357.52
13415.97
13417.30
13471.39
13414.39
13373.39
13421.05
13420.13
13375.56
13400.09
13405.06
13411.22
13367.89
13426.45
13369.78
13410.97
13422.42
13428.94
13405.58
13427.66
13366.97
13407.52
13371.22
13375.94
13340.61
13378.06
13396.30
13380.34
13373.48
13386.42
13412.42
13434.08
13427.84
13382.20
13414.70
13411.02
13419.78
13381.92
13415.45
13411.94
13454.72
13448.20
13469.78
13478.64
13469.42
13507.09
13499.50
13480.28
13509.89
13519.66
13555.09
13553.78
13537.25
13526.45
13546.91
13552.67
13543.08
13550.39
13518.59
13534.80
13523.55
13556.14
13571.98
13505.44
13548.91
13564.38
13552.03
13593.66
13595.66
13572.47
13606.78
13640.39
13567.22
13559.08
13578.06
13600.45
13562.23
13605.34
13578.39
13603.05
13570.41
13581.16
13654.00
13631.03
13626.91
13538.06
13594.61
13566.11
13594.41
13596.97
13659.23
13639.05
13628.53
13695.25
13612.34
13659.23
13642.88
13640.89
13652.42
13664.92
13640.75
13635.86
13573.69
13598.84
13644.17
13673.50
13685.34
13713.66
13713.03
13719.56
13726.89
13691.91
13681.20
13665.23
13686.02
13729.63
13750.66
13685.91
13700.48
13673.48
13680.66
13701.56
13682.67
13716.16
13707.03
13718.61
13723.02
13711.27
13761.34
13759.72
13752.08
13744.53
13771.05
13689.27
13720.67
13783.05
13753.56
13680.23
13687.38
13684.61
13709.61
13658.80
13671.30
13707.48
13717.52
13700.03
13693.77
13677.06
13751.83
13742.25
13751.56
13754.53
13768.83
13741.22
13786.77
13768.94
13737.72
13761.88
13770.78
13780.52
13786.78
13740.38
13755.95
13770.02
13821.86
13832.77
13877.05
13839.00
13848.17
13809.70
13817.22
13806.69
13789.78
13784.73
13774.58
13772.83
13756.53
13729.64
13767.36
13772.47
13824.17
13806.17
13811.80
13806.08
13798.83
13785.02
13753.70
13796.89
13780.94
13780.23
13777.95
13798.47
13764.84
13812.86
13861.19
13874.25
13804.00
13816.66
13803.56
13863.31
13864.53
13850.14
13832.47
13857.19
13867.69
13882.55
13895.30
13900.83
13849.69
13875.80
13875.22
13829.70
13851.31
13850.88
13859.41
13806.25
13865.13
13869.66
13863.08
13875.63
13949.78
13920.58
13894.33
13890.39
13894.16
13870.03
13849.67
13900.19
13865.83
13857.14
13884.83
13882.17
13878.53
13897.95
13877.94
13897.52
13869.30
13872.52
13909.20
13880.00
13904.48
13892.64
13912.70
13836.11
13888.64
13895.13
13853.41
13867.66
13883.31
13910.95
13882.02
13929.59
13934.33
13930.19
13897.09
13891.48
13893.34
13920.70
13913.75
13899.47
13928.00
13935.66
13923.70
13970.33
13950.52
13927.59
13878.05
13917.53
13873.14
13896.27
13941.69
13897.50
13876.44
13911.55
13909.73
13905.88
13894.30
13888.69
13866.75
13894.56
13917.84
13886.67
13905.84
13935.33
13935.70
13989.52
13963.52
13935.05
13946.89
13976.48
13949.09
13976.80
13977.16
13948.58
13957.23
13927.41
13936.27
13974.09
13958.42
13972.38
13982.97
13996.44
13986.58
13973.00
13967.58
13939.38
13931.28
13930.83
13958.67
13977.13
14018.72
14018.50
13984.41
13977.33
13973.16
13966.56
14027.70
13981.77
13931.11
14012.70
14005.05
13967.28
13983.36
13918.94
13954.14
13982.91
13989.77
13992.55
14017.95
13987.05
13972.47
13980.53
13968.58
13994.61
14019.55
13987.84
13989.44
14031.17
13971.22
13998.13
14022.38
13964.08
13976.94
13950.33
13929.92
13893.25
13903.14
13933.11
13902.00
13946.89
13947.20
13945.63
13937.66
13955.75
13946.25
13930.97
13953.45
13965.81
13973.97
13959.77
13999.16
13979.44
13969.69
14019.81
14032.48
14016.58
14004.67
13951.48
13960.63
13955.58
13975.80
13960.30
13965.64
14002.25
13976.27
13974.98
13975.95
13923.69
13941.30
13894.45
13924.14
13929.56
13930.38
13923.50
13950.45
13932.31
13911.66
13926.64
13951.92
13947.53
13966.39
14028.59
14029.95
14014.84
14010.33
13979.58
13999.64
13956.52
14016.89
14038.44
14013.27
13998.16
13970.88
13960.31
13985.78
13958.22
13981.64
14005.16
14011.97
14001.44
13968.11
13988.06
14023.00
14046.22
14010.45
14005.19
14026.94
14011.47
13996.97
14030.38
13968.64
13925.94
13898.06
13961.14
13916.59
13933.56
13963.81
14013.03
13981.98
13996.56
14013.80
14025.00
13953.13
14014.52
13999.78
14004.06
14045.50
14041.97
14068.55
14091.38
14080.16
14064.88
14052.03
14056.17
14072.28
14079.09
14114.86
14114.95
14118.00
14101.47
14147.48
14126.59
14116.05
14132.13
14153.45
14128.06
14146.39
14169.84
14175.42
14225.16
14172.25
14169.05
14149.55
14143.33
14146.19
14155.13
14115.41
14149.61
14119.20
14130.08
14204.92
14153.80
14150.86
14182.92
14187.33
14171.45
14148.52
14117.73
14182.45
14193.25
14130.58
14128.14
14135.95
14129.77
14122.45
14147.63
14146.75
14170.31
14187.69
14166.36
14112.05
14139.67
14139.92
14095.16
14079.88
14101.84
14105.30
14122.44
14096.63
14057.30
14098.22
14088.78
14090.97
14091.88
14115.70
14134.91
14131.27
14114.69
14147.66
14110.25
14135.73
14155.91
14174.06
14142.75
14097.94
14119.41
14159.91
14179.89
14161.48
14158.45
14161.50
14144.86
14128.70
14135.67
14109.11
14141.73
14143.56
14157.27
14129.34
14133.75
14129.55
14079.30
14114.00
14145.77
14135.14
14107.41
14103.97
14151.27
14187.53
14125.55
14160.22
14206.23
14149.58
14177.48
14179.94
14145.66
14212.38
14192.72
14173.16
14165.77
14168.03
14193.83
14191.69
14205.41
14201.34
14170.98
14191.88
14218.94
14179.56
14141.56
14157.75
14163.39
14175.91
14207.67
14214.61
14209.14
14249.50
14227.52
14199.70
14183.58
14222.44
14199.81
14165.44
14163.58
14146.34
14144.03
14127.41
14196.13
14189.59
14156.95
14130.89
14092.67
14113.33
14120.44
14119.06
14138.83
14176.86
14125.08
14114.34
14176.89
14096.72
14116.92
14102.27
14112.17
14137.45
14165.30
14182.61
14159.59
14153.67
14132.69
14092.19
14100.66
14136.73
14137.73
14115.17
14120.69
14128.72
14204.50
14161.70
14155.55
14184.02
14198.05
14146.83
14152.52
14163.52
14178.23
14176.61
14143.77
14151.77
14172.23
14153.80
14162.61
14125.27
14201.28
14161.30
14152.19
14176.30
14134.55
14190.91
14160.44
14181.30
14250.45
14247.23
14204.16
14232.31
14207.31
14215.88
14202.98
14228.58
14219.97
14205.77
14219.94
14248.80
14239.33
14260.25
14219.80
14188.56
14252.44
14225.97
14209.34
14203.56
14161.16
14163.84
14152.28
14193.84
14180.58
14210.86
14196.67
14235.17
14210.72
14203.97
14278.36
14216.03
14250.59
14240.69
14279.92
14254.77
14307.19
14247.23
14282.58
14304.59
14319.53
14309.13
14316.53
14322.48
14287.55
14262.58
14262.72
14292.80
14300.95
14250.36
14310.63
14266.61
14257.80
14261.80
14208.45
14227.81
14200.98
14213.36
14233.86
14218.97
14201.88
14241.53
14272.47
14297.14
14264.27
14258.42
14255.75
14262.94
14259.02
14257.70
14299.91
14290.69
14327.28
14294.50
14278.08
14315.31
14287.02
14311.61
14332.58
14310.63
14305.59
14266.28
14268.47
14262.39
14335.30
14302.91
14262.56
14279.20
14265.13
14271.52
14287.70
14332.75
14302.78
14279.97
14307.06
14232.88
14274.13
14245.11
14190.47
14192.47
14260.70
14287.19
14262.27
14234.16
14273.92
14251.94
14298.88
14257.28
14244.86
14266.00
14284.94
14222.64
14336.00
14256.08
14296.83
14303.38
14321.02
14327.34
14308.77
14304.27
14310.34
14293.06
14326.67
14308.11
14325.63
14294.45
14309.19
14310.11
14290.84
14286.41
14253.13
14266.78
14232.44
14268.17
14256.08
14253.73
14254.83
14273.73
14232.86
14297.28
14274.19
14296.81
14299.41
14257.45
14242.47
14261.13
14304.02
14263.73
14293.06
14287.11
14258.83
14289.03
14269.03
14274.69
14255.56
14250.58
14204.59
14178.88
14215.28
14216.25
14248.53
14229.33
14199.02
14240.47
14257.14
14282.13
14213.39
14225.52
14265.66
14264.25
14262.77
14218.67
14287.78
14230.25
14285.36
14282.19
14285.92
14325.64
14272.94
14318.05
14274.23
14276.58
14279.05
14294.09
14278.20
14285.50
14236.94
14220.70
14203.02
14187.88
14192.20
14209.52
14157.97
14239.94
14212.72
14265.27
14213.59
14224.95
14252.05
14223.03
14225.02
14237.03
14238.17
14217.08
14230.75
14188.52
14207.73
14145.27
14193.44
14229.20
14249.45
14275.64
14262.83
14230.42
14215.33
14232.98
14232.69
14250.78
14206.53
14205.47
14194.73
14204.78
14200.56
14210.92
14215.89
14184.88
14197.33
14171.97
14217.11
14218.78
14174.73
14204.38
14157.84
14204.31
14162.50
14167.06
14198.64
14176.13
14223.25
14218.44
14176.91
14221.14
14171.19
14154.03
14196.02
14156.39
14116.25
14132.97
14172.11
14189.56
14168.50
14210.22
14178.50
14143.66
14160.70
14207.48
14192.81
14238.70
14245.02
14253.80
14232.20
14214.22
14185.45
14182.86
14177.89
14212.48
14182.39
14182.91
14172.97
14190.89
14148.77
14161.98
14158.33
14126.78
14163.45
14131.33
14146.91
14121.13
14133.48
14137.22
14141.83
14160.31
14162.45
14157.55
14173.78
14158.13
14149.94
14170.52
14145.02
14143.44
14150.19
14140.86
14162.89
14114.86
14078.80
14096.67
14085.13
14094.55
14094.56
14052.05
14074.20
14050.45
14037.70
14032.56
14007.86
14023.80
14010.16
13958.02
13937.11
13995.77
13987.50
13938.19
13995.88
13980.39
13975.78
13985.69
13976.11
13956.02
14015.97
14007.36
13993.86
14052.38
14025.67
14008.02
14043.50
13984.38
14031.42
14016.56
14011.13
14050.38
14004.44
13984.09
13999.00
13980.67
13957.16
13978.36
13982.67
13975.36
13952.55
13997.03
13987.94
13960.83
13991.67
13973.17
13966.16
13982.53
13962.06
13996.75
13937.81
13981.98
13957.47
13899.17
13915.88
13904.39
13970.67
13900.02
13940.72
13963.08
13946.23
13934.98
13965.42
13927.38
13921.19
13949.88
13947.70
13917.59
13913.31
13914.16
13922.75
13941.84
13936.52
13912.94
13894.42
13908.02
13946.56
13913.16
13904.98
13898.75
13905.13
13885.83
13881.48
13892.28
13887.52
13890.34
13893.34
13907.67
13870.34
13893.89
13950.25
13897.67
13940.48
13964.72
13942.41
13912.56
13884.09
13878.91
13879.41
13927.75
13906.92
13936.94
13900.86
13895.02
13896.19
13904.38
13900.22
13847.81
13895.64
13863.27
13928.94
13931.30
13940.63
13942.39
13942.03
13918.75
13904.89
13897.70
13920.06
13881.88
13909.27
13839.39
13887.06
13880.27
13862.22
13856.66
13919.75
13911.88
13901.27
13930.47
13937.95
13932.41
13881.67
13904.02
13876.36
13890.41
13904.75
13822.78
13872.08
13852.38
13866.61
13841.64
13832.03
13854.97
13885.78
13809.08
13861.58
13873.98
13865.55
13877.64
13842.52
13874.66
13859.38
13897.94
13820.70
13832.47
13866.28
13898.08
13934.31
13925.20
13922.20
13892.23
13856.97
13873.42
13868.67
13890.13
13917.89
13909.75
13919.59
13934.14
13965.55
13937.72
13938.72
13884.69
13995.67
13987.25
13917.41
13931.23
13935.64
13906.47
13887.59
13920.05
13910.47
13932.08
13948.77
13921.59
13962.56
13902.08
13885.55
13891.00
13884.33
13891.84
13918.91
13888.97
13932.78
13928.91
13938.33
13951.03
13911.63
13925.19
13878.09
13903.86
13914.00
13916.17
13940.63
13996.06
13924.55
13984.42
13912.03
13935.27
13971.50
13950.00
13937.50
13970.89
13971.83
13955.83
13956.09
13963.88
13946.55
13949.23
13984.22
13912.88
13953.22
13943.22
13902.52
13869.97
13908.92
13871.86
13888.14
13909.91
13941.73
14008.94
13969.66
13897.00
13836.38
13822.33
13790.03
13801.61
13815.48
13857.31
13833.80
13869.48
13901.61
13894.28
13896.47
13875.94
13872.64
13882.19
13855.78
13857.28
13839.00
13844.33
13891.27
13896.08
13848.92
13902.92
13875.50
13904.41
13885.47
13845.23
13844.09
13831.16
13820.92
13805.50
13784.19
13829.94
13790.42
13837.97
13846.22
13831.22
13832.95
13824.39
13828.50
13803.61
13823.06
13831.56
13776.81
13783.86
13774.91
13793.67
13809.05
13784.72
13824.11
13810.27
13837.11
13828.81
13826.52
13859.39
13805.88
13803.03
13822.38
13848.63
13789.11
13793.41
13807.44
13778.42
13740.19
13733.95
13745.69
13797.72
13782.30
13808.61
13842.20
13772.84
13747.39
13806.53
13802.48
13770.44
13800.16
13786.05
13743.20
13802.31
13809.59
13799.55
13768.33
13784.08
13774.50
13776.72
13775.91
13804.14
13758.48
13758.20
13743.28
13753.25
13710.53
13704.84
13704.64
13722.91
13702.20
13720.23
13735.13
13731.17
13735.53
13684.17
13707.53
13733.66
13722.72
13709.05
13722.58
13691.06
13709.31
13748.22
13726.13
13759.44
13710.66
13719.69
13703.27
13699.88
13701.16
13708.97
13740.36
13767.19
13742.27
13757.42
13688.23
13743.67
13700.27
13712.36
13703.31
13724.09
13683.06
13656.09
13679.52
13694.25
13714.63
13700.86
13726.22
13717.41
13729.41
13695.70
13688.67
13718.36
13701.70
13718.56
13721.06
13696.41
13690.97
13698.80
13707.50
13726.53
13716.00
13717.55
13702.39
13711.56
13751.56
13729.83
13676.94
13665.02
13727.03
13693.73
13699.63
13724.06
13732.80
13663.61
13709.47
13691.70
13683.03
13706.42
13712.88
13739.58
13709.45
13715.55
13748.45
13695.41
13726.97
13711.98
13704.81
13711.89
13728.61
13692.92
13698.03
13716.03
13725.86
13711.64
13716.56
13736.00
13698.80
13727.73
13760.59
13692.83
13698.86
13693.22
13727.98
13749.52
13738.16
13769.11
13719.27
13712.45
13714.22
13711.48
13731.72
13711.44
13700.59
13711.72
13719.98
13710.59
13734.53
13686.39
13691.06
13732.53
13707.39
13725.75
13733.25
13702.45
13722.91
13708.05
13730.86
13724.34
13760.80
13787.09
13759.41
13765.47
13731.58
13700.25
13758.38
13749.55
13733.31
13749.86
13783.70
13784.80
13786.02
13804.33
13778.14
13775.09
13800.28
13804.39
13814.42
13829.69
13806.44
13804.44
13817.89
13831.11
13818.22
13877.92
13825.78
13826.00
13834.91
13822.09
13802.88
13791.38
13799.13
13746.73
13759.89
13788.63
13778.77
13828.25
13789.59
13809.95
13840.72
13799.72
13796.92
13858.81
13793.44
13799.98
13799.72
13841.28
13786.16
13816.42
13780.98
13837.20
13833.22
13784.55
13834.20
13812.94
13808.53
13842.05
13833.50
13819.44
13796.91
13791.66
13819.27
13815.89
13819.28
13796.97
13850.80
13904.08
13896.47
13800.77
13847.00
13870.58
13860.67
13857.70
13859.42
13886.30
13875.81
13892.95
13849.97
13864.89
13872.28
13872.20
13861.31
13882.20
13866.70
13896.16
13862.31
13886.22
13881.97
13881.28
13889.91
13844.55
13827.45
13806.14
13832.98
13848.23
13847.59
13820.11
13815.31
13856.20
13848.50
13853.17
13869.41
13879.13
13853.08
13897.94
13914.69
13928.42
13926.16
13909.75
13918.73
13905.50
13894.66
13895.17
13885.23
13866.67
13842.56
13863.38
13864.45
13842.86
13849.77
13856.02
13819.33
13808.89
13831.67
13896.30
13904.17
13877.67
13857.30
13868.66
13875.00
13908.56
13863.30
13856.02
13834.00
13836.84
13826.16
13808.86
13811.30
13819.08
13809.89
13825.02
13815.64
13778.31
13779.28
13758.42
13752.23
13740.89
13753.98
13750.42
13793.03
13745.34
13744.16
13836.70
13783.91
13804.47
13776.33
13777.44
13829.73
13813.70
13806.08
13801.23
13875.73
13873.41
13838.33
13880.05
13876.38
13887.98
13830.28
13856.81
13912.83
13840.91
13881.70
13884.95
13910.22
13880.64
13904.55
13925.03
13916.27
13858.25
13916.05
13906.94
13893.45
13928.11
13944.63
13909.56
13915.97
13923.42
13919.30
13939.30
13916.94
13932.81
13915.92
13918.19
13916.78
13910.45
13923.19
13898.73
13944.59
13921.98
13949.08
13971.69
13914.73
13919.78
13943.70
13947.61
13982.08
13967.81
13952.80
13923.72
13955.95
13978.36
13945.36
13972.36
13938.88
13969.33
14009.55
14002.03
14028.69
14031.66
13992.63
14001.03
13979.42
13956.75
13965.05
13990.19
13987.19
14004.53
13974.11
14021.63
13972.47
14029.53
13981.83
14012.28
14019.91
13994.92
14024.58
14029.23
14028.86
13953.78
13966.30
14003.59
13965.52
13993.17
13981.13
14008.23
13997.56
14030.89
14011.02
13985.36
13986.50
14022.14
14011.42
14044.64
14019.86
14013.69
14022.22
14053.30
14047.98
14078.63
14006.56
14027.91
14031.52
14067.97
14072.70
14066.61
14084.56
14070.52
14067.11
14053.70
14043.73
14061.78
14062.83
14095.08
14051.91
14042.84
14074.84
14099.44
14082.59
14073.58
14108.30
14106.28
14080.84
14045.31
14055.55
14062.80
14095.20
14057.28
14035.59
14075.72
14093.72
14054.05
14067.39
14069.48
14096.16
14057.77
14117.69
14065.77
14111.56
14094.22
14106.94
14078.61
14088.63
14100.14
14084.77
14123.89
14097.13
14158.81
14111.14
14110.19
14137.25
14070.52
14021.78
14071.25
14088.02
14039.86
14077.09
14065.59
14060.83
14067.81
14079.03
14062.63
14078.20
14075.69
14118.69
14105.44
14111.52
14129.52
14126.92
14065.16
14105.09
14088.30
14119.58
14085.28
14097.08
14097.41
14087.69
14083.61
14162.52
14099.97
14120.88
14102.02
14106.73
14106.00
14106.02
14108.55
14103.20
14094.73
14104.67
14131.91
14156.16
14135.95
14175.11
14151.41
14194.08
14198.88
14229.45
14139.38
14178.22
14160.16
14147.00
14127.58
14155.70
14168.36
14160.34
14168.08
14135.61
14139.66
14185.91
14176.89
14202.30
14209.00
14218.81
14219.78
14226.05
14194.66
14196.63
14203.66
14164.80
14170.23
14176.59
14210.23
14161.84
14160.72
14140.03
14193.67
14157.95
14147.80
14208.70
14169.86
14231.77
14199.30
14237.75
14217.36
14193.09
14186.50
14177.28
14173.98
14181.45
14141.97
14193.63
14220.05
14202.75
14211.56
14176.34
14197.52
14174.05
14205.69
14204.55
14193.61
14181.81
14197.28
14135.06
14151.28
14131.61
14187.98
14170.05
14156.97
14172.28
14138.08
14146.80
14121.41
14130.56
14128.13
14119.97
14138.52
14130.30
14121.88
14091.69
14121.78
14137.69
14107.23
14031.34
14077.34
14025.42
14055.81
14059.25
14086.64
14049.94
14033.27
14010.59
14040.00
13970.09
13999.28
14031.34
14009.75
14037.61
14044.02
14007.33
14030.86
13994.02
14011.81
14031.16
14080.66
14065.78
14057.58
14045.42
14061.11
14060.11
14063.31
14024.86
14034.97
14096.89
14085.97
14042.09
14059.83
14126.48
14143.33
14083.42
14125.41
14171.30
14142.17
14126.77
14127.45
14118.50
14104.80
14071.55
14087.42
14125.11
14072.73
14123.52
14127.06
14098.06
14084.08
14108.34
14098.17
14106.75
14102.13
14102.17
14068.13
14063.88
14064.72
14115.42
14095.31
14109.81
14101.67
14083.58
14075.17
14055.97
14036.92
14049.83
14044.38
14039.28
14084.28
14053.83
14095.48
14033.52
14040.58
14069.72
14065.19
14053.50
14067.28
14090.64
14096.16
14057.58
14038.64
14036.98
14062.42
14011.13
14051.67
14039.05
14068.42
14073.41
14037.45
14030.47
14062.17
14066.16
14025.13
14049.11
14079.38
14045.20
14052.42
14105.98
14078.72
14098.27
14069.70
14104.56
14064.42
14102.14
14090.78
14112.20
14117.50
14128.31
14068.39
14087.63
14082.08
14082.56
14119.00
14087.38
14100.09
14082.69
14070.70
14043.52
14087.55
14103.88
14081.88
14094.61
14073.94
14045.11
14086.80
14086.23
14109.59
14106.45
14093.95
14125.84
14101.34
14097.72
14115.05
14109.30
14119.95
14088.30
14111.20
14117.70
14080.08
14087.36
14102.19
14125.55
14131.61
14144.11
14162.83
14170.81
14190.20
14200.33
14197.53
14167.83
14139.50
14155.08
14127.63
14195.70
14182.80
14199.58
14145.88
14129.75
14171.84
14172.00
14158.16
14120.20
14176.75
14120.72
14142.89
14180.78
14208.08
14180.53
14172.52
14188.98
14177.47
14158.89
14155.73
14196.08
14174.38
14170.25
14145.03
14171.13
14212.19
14225.77
14216.38
14184.80
14212.11
14236.84
14190.55
14178.59
14191.38
14196.78
14185.81
14199.27
14207.63
14227.38
14269.83
14240.33
14222.81
14224.86
14204.83
14206.88
14217.33
14206.39
14145.84
14161.36
14159.73
14217.70
14238.52
14243.70
14264.77
14259.23
14255.86
14221.36
14230.86
14233.23
14254.84
14192.89
14189.53
14208.42
14199.17
14217.42
14208.22
14204.22
14181.89
14188.70
14203.19
14204.45
14221.09
14231.58
14217.73
14211.03
14255.05
14270.08
14255.13
14199.48
14235.97
14178.06
14164.80
14173.52
14194.81
14155.61
14167.36
14208.70
14211.97
14225.75
14227.19
14166.55
14208.78
14203.30
14221.20
14227.89
14202.75
14182.77
14242.02
14230.80
14277.64
14266.22
14251.42
14236.11
14256.39
14303.73
14262.61
14274.78
14257.58
14185.92
14207.78
14237.39
14196.22
14218.88
14177.44
14157.27
14178.14
14183.64
14192.42
14182.22
14173.75
14217.47
14193.97
14194.98
14190.42
14205.45
14217.05
14187.91
14224.30
14201.38
14195.59
14242.36
14235.08
14216.67
14223.91
14241.42
14220.42
14254.84
14211.77
14252.02
14247.50
14236.25
14202.48
14234.69
14240.23
14252.45
14258.27
14231.98
14260.34
14285.22
14273.13
14240.16
14288.28
14213.42
14192.31
14241.02
14205.31
14257.66
14225.56
14208.95
14221.64
14195.42
14196.78
14198.44
14261.56
14221.81
14213.20
14222.73
14236.03
14255.53
14224.23
14199.88
14292.55
14271.75
14289.19
14290.08
14245.45
14242.31
14241.13
14197.02
14200.00
14206.27
14212.23
14206.08
14247.44
14236.72
14276.95
14297.28
14270.05
14232.19
14236.31
14291.13
14285.34
14282.34
14293.41
14321.89
14297.52
14330.70
14303.70
14308.14
14317.83
14298.91
14331.14
14332.58
14301.42
14326.72
14336.94
14293.50
14336.45
14335.22
14305.14
14355.69
14322.83
14340.81
14333.17
14319.47
14348.91
14338.05
14363.36
14351.14
14280.22
14309.95
14288.56
14273.27
14270.11
14276.98
14283.95
14269.48
14273.61
14254.98
14273.91
14240.34
14244.23
14276.59
14268.89
14301.63
14291.19
14284.77
14338.69
14300.47
14294.97
14252.44
14236.72
14218.33
14263.28
14269.11
14250.69
14286.95
14295.13
14302.03
14309.36
14310.72
14320.67
14315.84
14354.78
14309.09
14291.73
14327.16
14304.17
14321.89
14303.28
14289.66
14309.30
14288.25
14294.84
14272.88
14275.25
14292.55
14290.31
14292.88
14335.11
14273.02
14314.00
14337.03
14343.28
14321.80
14313.25
14345.08
14347.36
14357.89
14332.22
14348.84
14312.30
14335.25
14308.91
14328.31
14372.16
14354.47
14391.13
14330.13
14365.94
14339.63
14367.00
14302.61
14319.58
14312.64
14345.50
14316.14
14304.38
14269.89
14291.06
14275.73
14247.92
14248.13
14241.70
14231.02
14232.39
14178.69
14170.97
14240.61
14198.86
14209.72
14228.98
14259.17
14254.00
14252.25
14244.05
14241.06
14206.78
14245.41
14236.13
14260.16
14189.55
14245.08
14260.48
14270.91
14232.95
14217.55
14259.05
14247.52
14249.56
14221.00
14231.77
14195.69
14213.88
14224.53
14231.63
14194.75
14203.84
14227.50
14206.17
14192.14
14208.72
14234.67
14271.23
14267.61
14258.89
14296.08
14278.77
14282.11
14240.98
14252.84
14286.81
14320.64
14289.98
14305.66
14331.36
14337.88
14342.67
14318.47
14337.22
14350.95
14347.23
14318.00
14338.84
14318.08
14329.41
14328.14
14313.17
14267.97
14285.50
14274.69
14255.39
14290.25
14292.98
14228.52
14268.92
14293.80
14290.23
14322.86
14308.36
14271.39
14322.09
14291.16
14315.58
14243.34
14271.69
14269.36
14275.84
14239.47
14270.56
14246.47
14239.05
14250.98
14230.50
14251.23
14250.28
14217.42
14227.98
14212.16
14237.50
14257.03
14244.88
14271.55
14248.36
14231.69
14253.91
14198.77
14265.73
14284.06
14258.86
14246.75
14277.06
14236.80
14258.44
14285.83
14275.95
14287.94
14276.23
14272.19
14344.66
14313.84
14313.56
14332.31
14304.75
14266.44
14279.41
14284.98
14259.44
14338.86
14321.45
14345.16
14350.22
14285.05
14307.56
14310.80
14310.97
14302.69
14319.84
14292.41
14274.31
14245.06
14238.23
14270.16
14307.08
14248.14
14254.33
14257.66
14239.36
14263.55
14259.86
14294.44
14289.88
14225.88
14222.09
14237.64
14266.31
14246.41
14257.48
14281.28
14259.52
14312.97
14285.98
14301.30
14278.61
14293.53
14323.69
14334.66
14324.27
14376.17
14347.42
14304.20
14308.02
14334.88
14337.23
14389.25
14350.02
14332.78
14334.58
14350.98
14315.61
14339.77
14326.84
14318.70
14268.84
14297.27
14256.58
14244.47
14257.30
14288.44
14264.25
14301.39
14301.03
14325.91
14305.83
14303.67
14297.72
14273.75
14291.80
14278.44
14252.63
14292.55
14286.06
14301.89
14333.42
14343.38
14333.83
14352.86
14351.56
14356.17
14350.50
14360.44
14321.94
14350.78
14356.19
14390.69
14375.75
14310.91
14305.25
14310.63
14315.69
14312.42
14346.33
14340.78
14320.64
14334.41
14313.00
14351.27
14301.92
14334.14
14330.64
14308.73
14324.98
14350.06
14354.77
14339.92
14302.39
14338.84
14297.89
14278.42
14289.34
14303.56
14293.09
14309.22
14301.39
14348.11
14299.55
14306.33
14295.14
14311.63
14310.45
14295.06
14298.45
14303.23
14323.61
14340.66
14348.38
14304.75
14317.73
14301.19
14258.52
14248.23
14259.56
14244.23
14258.03
14241.02
14236.66
14210.09
14250.80
14229.20
14248.88
14252.31
14208.39
14194.75
14214.92
14197.34
14248.30
14232.39
14236.55
14251.70
14241.55
14213.95
14217.50
14270.84
14181.17
14234.48
14210.78
14264.39
14268.59
14266.66
14261.23
14277.19
14218.72
14149.78
14203.20
14210.19
14199.50
14196.39
14219.17
14181.31
14211.25
14212.17
14273.17
14193.86
14209.81
14255.33
14219.58
14245.11
14245.95
14183.58
14224.11
14193.94
14215.56
14152.81
14185.19
14195.66
14214.91
14218.08
14259.41
14266.30
14228.42
14201.69
14232.97
14233.06
14249.59
14210.31
14154.98
14170.83
14210.64
14236.80
14196.00
14183.83
14156.39
14203.48
14182.88
14196.69
14170.61
14193.78
14209.45
14193.81
14216.05
14253.17
14260.84
14232.58
14203.27
14186.84
14187.70
14177.80
14183.44
14166.05
14167.38
14153.11
14206.50
14228.59
14258.09
14260.25
14236.44
14188.47
14137.33
14152.34
14126.47
14111.53
14104.63
14139.67
14129.41
14144.05
14161.97
14203.89
14169.42
14145.14
14188.58
14198.81
14221.31
14191.05
14196.95
14152.75
14181.53
14168.31
14176.80
14189.72
14153.05
14177.20
14179.19
14164.38
14226.41
14187.88
14195.23
14210.75
14194.45
14195.13
14197.75
14203.89
14126.14
14188.97
14186.72
14190.50
14192.06
14134.42
14137.41
14112.53
14137.78
14137.00
14165.75
14163.25
14130.70
14137.73
14153.67
14189.45
14200.33
14163.39
14189.03
14156.05
14155.89
14189.72
14202.70
14177.73
14186.84
14135.94
14150.61
14120.89
14140.61
14142.84
14131.38
14145.16
14126.34
14167.92
14135.92
14145.45
14161.16
14153.97
14127.09
14151.86
14163.45
14157.28
14170.22
14210.03
14224.64
14230.92
14195.03
14195.28
14185.11
14182.44
14194.80
14221.89
14164.25
14194.67
14139.98
14156.14
14170.27
14181.16
14173.98
14183.28
14124.56
14136.64
14201.77
14140.33
14185.72
14138.22
14163.11
14188.47
14177.33
14187.45
14160.92
14172.77
14180.33
14165.84
14165.63
14205.86
14178.09
14174.03
14209.67
14182.03
14170.83
14211.42
14178.89
14212.67
14223.03
14235.69
14242.28
14249.11
14251.38
14244.09
14223.84
14223.95
14255.11
14241.91
14261.45
14269.45
14223.56
14251.91
14252.23
14332.08
14276.77
14227.77
14216.86
14258.59
14213.38
14253.92
14239.48
14224.02
14246.98
14231.44
14196.72
14260.73
14242.53
14265.66
14236.42
14240.13
14210.25
14195.66
14185.86
14223.64
14178.47
14151.19
14207.67
14199.72
14143.88
14161.59
14199.58
14211.58
14195.78
14209.64
14186.69
14204.55
14192.61
14224.77
14175.94
14154.23
14199.17
14217.50
14220.61
14191.64
14226.17
14215.88
14201.92
14191.80
14209.30
14196.69
14197.20
14203.63
14184.36
14144.00
14185.77
14150.67
